Итерация 1: 1445,9656   1577,4532   841,9286   -3728,3705   
Итерация 2: 563,7978   400,8586   723,888   -324,9878   
Итерация 3: 404,2041   273,5351   916,4949   -156,7167   
Итерация 4: 357,2007   250,296   967,9171   -122,4737   
Итерация 5: 328,4379   212,6745   997,983   -74,792   
Итерация 6: 315,4506   199,7609   1014,895   -59,0081   
Итерация 7: 308,5078   190,5   1026,8026   -48,8559   
Итерация 8: 304,6715   183,1748   1036,363   -41,6895   
Итерация 9: 302,7346   177,1473   1044,1145   -36,3837   
Итерация 10: 301,8293   172,4955   1049,3571   -32,4484   
Итерация 11: 301,3082   168,2573   1054,6895   -29,0928   
Итерация 12: 301,023   165,0476   1058,2639   -26,538   
Итерация 13: 300,8395   162,3972   1060,921   -24,394   
Итерация 14: 300,7457   159,935   1063,8246   -22,5168   
Итерация 15: 300,653   157,9758   1065,7813   -20,9509   
Итерация 16: 300,6262   156,0035   1068,3709   -19,5238   
Итерация 17: 300,5957   154,2218   1070,7718   -18,2263   
Итерация 18: 300,5268   152,9863   1071,9079   -17,2163   
Итерация 19: 300,4781   151,9184   1072,8509   -16,3436   
Итерация 20: 300,4676   150,7807   1074,1844   -15,4916   
Итерация 21: 300,4238   149,8267   1074,9695   -14,6888   
Итерация 22: 300,4201   149,054   1075,8662   -14,1229   
Итерация 23: 300,3709   148,2792   1076,3401   -13,4315   
Итерация 24: 300,3792   147,57   1077,1957   -12,9167   
Итерация 25: 300,3533   146,8736   1077,7741   -12,3345   
Итерация 26: 300,416   145,9131   1079,7674   -11,823   
Итерация 27: 300,3658   145,4889   1079,9126   -11,4142   
Итерация 28: 300,3251   144,9946   1080,1738   -10,9559   
Итерация 29: 300,3949   143,9628   1082,823   -10,4911   
Итерация 30: 300,3359   143,6224   1082,7603   -10,1191   
Итерация 31: 300,2955   143,3541   1082,7794   -9,857   
Итерация 32: 300,2909   142,8154   1083,4422   -9,4401   
Итерация 33: 300,2633   142,6179   1083,4644   -9,248   
Итерация 34: 300,2496   142,272   1083,7424   -8,9579   
Итерация 35: 300,3139   141,6923   1085,2852   -8,7267   
Итерация 36: 300,2862   141,4269   1085,448   -8,4876   
Итерация 37: 300,2524   141,1924   1085,4629   -8,2468   
Итерация 38: 300,2268   141,0286   1085,4467   -8,0732   
Итерация 39: 300,2918   140,4958   1086,9687   -7,8835   
Итерация 40: 300,2513   140,2452   1086,943   -7,609   
Итерация 41: 300,2595   140,0752   1087,3211   -7,5292   
Итерация 42: 300,2182   139,8354   1087,2595   -7,2565   
Итерация 43: 300,2139   139,7878   1087,2896   -7,2225   
Итерация 44: 300,1883   139,619   1087,2705   -7,0399   
Итерация 45: 300,1534   139,4165   1087,2119   -6,8087   
Итерация 46: 300,1676   139,2518   1087,4395   -6,7031   
Итерация 47: 300,1595   139,1627   1087,4639   -6,6204   
Итерация 48: 300,1712   138,9793   1087,6868   -6,4914   
Итерация 49: 300,1531   138,8568   1087,6718   -6,3595   
Итерация 50: 300,2463   138,3323   1089,3699   -6,2255   
Итерация 51: 300,2402   138,1024   1089,8534   -6,0927   
Итерация 52: 300,2338   138,0389   1089,9132   -6,0423   
Итерация 53: 300,2602   137,8113   1090,8956   -6,0312   
Итерация 54: 300,278   137,4016   1092,7351   -6,0055   
Итерация 55: 300,3353   135,1571   1105,5327   -6,3822   
Итерация 56: 300,252   134,6426   1105,2944   -5,6854   
Итерация 57: 300,2329   134,604   1105,2868   -5,7198   
Итерация 58: 300,2491   134,6923   1105,3272   -5,83   
Итерация 59: 300,2948   134,6314   1106,0571   -5,9443   
Итерация 60: 300,2423   134,3423   1105,9327   -5,5882   
Итерация 61: 300,2608   133,5034   1109,1424   -5,3229   
Итерация 62: 300,2619   133,5748   1109,2042   -5,5009   
Итерация 63: 300,2462   133,4857   1109,1647   -5,3884   
Итерация 64: 300,2   133,1662   1109,0137   -4,9096   
Итерация 65: 300,2373   133,3654   1109,2819   -5,3002   
Итерация 66: 300,2042   133,1857   1109,2024   -5,0767   
Итерация 67: 300,155   132,8651   1109,0508   -4,6039   
Итерация 68: 300,2512   131,1373   1117,9697   -4,8186   
Итерация 69: 300,2044   130,8142   1117,8278   -4,3703   
Итерация 70: 300,2509   130,6333   1118,8212   -4,4066   
Итерация 71: 300,2544   130,5554   1119,0271   -4,3276   
Итерация 72: 300,2718   130,6108   1119,1551   -4,4262   
Итерация 73: 300,2562   130,522   1119,2128   -4,3766   
Итерация 74: 300,2304   130,4228   1119,1966   -4,3293   
Итерация 75: 300,251   130,228   1119,7398   -4,2637   
Итерация 76: 300,2393   130,1457   1119,7043   -4,1543   
Итерация 77: 300,2314   130,0717   1119,6705   -4,0378   
Итерация 78: 300,2327   130,0161   1119,6403   -3,9042   
Итерация 79: 300,2247   129,9885   1119,7054   -3,9583   
Итерация 80: 300,2266   129,9341   1119,6754   -3,8229   
Итерация 81: 300,2316   129,95   1119,7013   -3,8533   
Итерация 82: 300,2701   129,8315   1120,1087   -3,8719   
Итерация 83: 300,2664   129,7796   1120,1014   -3,797   
Итерация 84: 300,2404   129,6715   1120,1765   -3,7985   
Итерация 85: 300,2273   129,5857   1120,1403   -3,6926   
Итерация 86: 300,2161   129,504   1120,1048   -3,5842   
Итерация 87: 300,2092   129,4315   1120,0712   -3,4682   
Итерация 88: 300,2131   129,3808   1120,0419   -3,3322   
Итерация 89: 300,2403   129,4435   1120,3753   -3,6072   
Итерация 90: 300,2292   129,3608   1120,3397   -3,4977   
Итерация 91: 300,2226   129,2877   1120,3059   -3,3803   
Итерация 92: 300,2188   129,2518   1120,3235   -3,351   
Итерация 93: 300,2223   129,1993   1120,2938   -3,2149   
Итерация 94: 300,2206   129,2318   1120,3665   -3,3595   
Итерация 95: 300,2182   129,167   1120,3344   -3,2335   
Итерация 96: 300,2715   129,1601   1120,7731   -3,3245   
Итерация 97: 300,2466   129,0202   1120,7735   -3,2217   
Итерация 98: 300,2486   129,0136   1120,9552   -3,2934   
Итерация 99: 300,2409   128,9361   1120,9207   -3,1782   
Итерация 100: 300,2431   128,8787   1120,8901   -3,0453   
Итерация 101: 300,2292   128,6981   1120,908   -2,8592   
Итерация 102: 300,2375   128,7924   1120,9678   -3,0104   
Итерация 103: 300,2341   128,6209   1121,4632   -2,9895   
Итерация 104: 300,2291   128,549   1121,4299   -2,8732   
Итерация 105: 300,2835   128,9353   1121,6263   -3,3821   
Итерация 106: 300,2357   128,5357   1121,5188   -2,8705   
Итерация 107: 300,2232   128,4722   1121,5757   -2,8576   
Итерация 108: 300,2188   128,4016   1121,5426   -2,7406   
Итерация 109: 300,241   128,4986   1121,6038   -2,8465   
Итерация 110: 300,2308   128,3811   1121,72   -2,7211   
Итерация 111: 300,2278   128,4724   1121,8   -2,9313   
Итерация 112: 300,2419   128,5633   1121,8371   -3,0338   
Итерация 113: 300,2013   128,2295   1121,6948   -2,5881   
Итерация 114: 300,2023   128,2303   1121,7394   -2,6327   
Итерация 115: 300,2011   128,1663   1121,7076   -2,5107   
Итерация 116: 300,2206   128,3343   1121,8012   -2,7444   
Итерация 117: 300,2332   128,2444   1122,0105   -2,6683   
Итерация 118: 300,2343   128,1951   1122,202   -2,6706   
Итерация 119: 300,2322   128,1394   1122,2817   -2,6318   
Итерация 120: 300,2128   127,98   1122,3663   -2,4855   
Итерация 121: 300,271   128,3913   1122,8507   -3,0928   
Итерация 122: 300,2332   128,1182   1122,8495   -2,788   
Итерация 123: 300,199   127,7941   1122,7099   -2,3341   
Итерация 124: 300,2344   128,1272   1122,8728   -2,8051   
Итерация 125: 300,1922   127,7857   1122,7298   -2,3598   
Итерация 126: 300,2617   128,2037   1123,0824   -2,9536   
Итерация 127: 300,2624   128,2039   1123,0825   -2,9496   
Значение целевой функции: 4284,75328513854