Итерация 1: 52,0228   4,9508   39,1475   
Итерация 2: 12,4674   -22,4964   21,8395   
Итерация 3: 12,5343   -22,4439   21,8858   
Итерация 4: 12,4326   -22,5232   21,8203   
Итерация 5: 7,0662   -19,773   22,3515   
Итерация 6: 3,7391   -18,1397   22,6466   
Итерация 7: 1,5796   -17,0595   22,8699   
Итерация 8: 0,0269   -16,2966   23,0443   
Итерация 9: -1,1985   -15,6816   23,1923   
Итерация 10: -2,1893   -15,202   23,3268   
Итерация 11: -2,9422   -14,8265   23,4546   
Итерация 12: -3,6283   -14,5199   23,5684   
Итерация 13: -4,1486   -14,2682   23,6788   
Итерация 14: -4,5988   -13,8758   23,8233   
Итерация 15: -4,6622   -13,2009   23,6079   
Итерация 16: -4,4697   -12,28   23,3368   
Итерация 17: -4,249   -11,402   23,1002   
Итерация 18: -4,1011   -10,7047   22,8779   
Итерация 19: -3,9466   -10,0567   22,6786   
Итерация 20: -3,7953   -9,4628   22,4973   
Итерация 21: -3,6982   -8,9896   22,3253   
Итерация 22: -3,57   -8,5066   22,171   
Итерация 23: -3,4616   -8,0825   22,0265   
Итерация 24: -3,3765   -7,7173   21,8899   
Итерация 25: -3,2709   -7,3465   21,7651   
Итерация 26: -3,1945   -7,0365   21,6458   
Итерация 27: -3,1013   -6,722   21,5364   
Итерация 28: -3,0412   -6,4686   21,4308   
Итерация 29: -2,9709   -6,2126   21,3306   
Итерация 30: -2,9323   -6,0156   21,2362   
Итерация 31: -2,8401   -5,7539   21,1479   
Итерация 32: -2,7844   -5,5535   21,0635   
Итерация 33: -2,7213   -5,3518   20,9832   
Итерация 34: -2,6972   -5,2104   20,9053   
Итерация 35: -2,6206   -5,0055   20,832   
Итерация 36: -2,5855   -4,862   20,7604   
Итерация 37: -2,5417   -4,7158   20,694   
Итерация 38: -2,4946   -4,5694   20,6292   
Итерация 39: -2,4436   -4,4226   20,5665   
Итерация 40: -2,4329   -4,3345   20,5075   
Итерация 41: -2,3745   -4,1862   20,4483   
Итерация 42: -2,3553   -4,096   20,3943   
Итерация 43: -2,3342   -4,0052   20,341   
Итерация 44: -2,2628   -3,8543   20,2888   
Итерация 45: -2,2383   -3,7642   20,2374   
Итерация 46: -2,2074   -3,672   20,19   
Итерация 47: -2,1735   -3,5792   20,1443   
Итерация 48: -2,1404   -3,4874   20,0977   
Итерация 49: -2,148   -3,4515   20,0568   
Итерация 50: -2,1108   -3,3584   20,0118   
Итерация 51: -2,0696   -3,2647   19,9694   
Итерация 52: -2,0725   -3,2277   19,9313   
Итерация 53: -2,026   -3,1326   19,8917   
Итерация 54: -2,0249   -3,0945   19,856   
Итерация 55: -1,9769   -2,9999   19,8167   
Итерация 56: -1,9759   -2,9624   19,7805   
Итерация 57: -1,9258   -2,8683   19,7421   
Итерация 58: -1,9197   -2,8295   19,7093   
Итерация 59: -1,9105   -2,7894   19,6784   
Итерация 60: -1,8981   -2,7481   19,6495   
Итерация 61: -1,8463   -2,6552   19,6106   
Итерация 62: -1,8329   -2,6144   19,5823   
Итерация 63: -1,8212   -2,5746   19,5526   
Итерация 64: -1,8112   -2,5356   19,5214   
Итерация 65: -1,7919   -2,4928   19,4966   
Итерация 66: -1,7799   -2,4533   19,4664   
Итерация 67: -1,7638   -2,4124   19,439   
Итерация 68: -1,7494   -2,3723   19,4101   
Итерация 69: -1,7307   -2,3308   19,3842   
Итерация 70: -1,7136   -2,2902   19,357   
Итерация 71: -1,692   -2,2479   19,3329   
Итерация 72: -1,672   -2,2067   19,3075   
Итерация 73: -1,6536   -2,1664   19,2809   
Итерация 74: -1,6368   -2,1272   19,2531   
Итерация 75: -1,6565   -2,1357   19,2392   
Итерация 76: -1,6355   -2,0945   19,2136   
Итерация 77: -1,6093   -2,0515   19,1918   
Итерация 78: -1,5915   -2,0125   19,1639   
Итерация 79: -1,5683   -1,9716   19,1399   
Итерация 80: -1,5896   -1,9808   19,1249   
Итерация 81: -1,5615   -1,9378   19,1038   
Итерация 82: -1,5348   -1,8958   19,0816   
Итерация 83: -1,5571   -1,9055   19,0659   
Итерация 84: -1,5326   -1,8646   19,0417   
Итерация 85: -1,502   -1,8214   19,0219   
Итерация 86: -1,4806   -1,7828   18,9957   
Итерация 87: -1,4963   -1,7897   18,9846   
Итерация 88: -1,4692   -1,7487   18,9619   
Итерация 89: -1,4854   -1,7558   18,9505   
Итерация 90: -1,4604   -1,7159   18,9259   
Итерация 91: -1,4287   -1,6736   18,9062   
Итерация 92: -1,4455   -1,681   18,8944   
Итерация 93: -1,4158   -1,6398   18,8729   
Итерация 94: -1,4331   -1,6474   18,8607   
Итерация 95: -1,4054   -1,6073   18,8375   
Итерация 96: -1,4143   -1,6112   18,8312   
Итерация 97: -1,3887   -1,5723   18,8062   
Итерация 98: -1,3646   -1,5348   18,7803   
Итерация 99: -1,3738   -1,5388   18,7738   
Итерация 100: -1,3831   -1,5429   18,7673   
Итерация 101: -1,3525   -1,5025   18,7453   
Итерация 102: -1,3233   -1,4633   18,7225   
Итерация 103: -1,3426   -1,4718   18,7089   
Итерация 104: -1,3523   -1,4761   18,7021   
Итерация 105: -1,316   -1,4338   18,6837   
Итерация 106: -1,3259   -1,4383   18,6767   
Итерация 107: -1,3015   -1,4017   18,6497   
Итерация 108: -1,3117   -1,4062   18,6425   
Итерация 109: -1,2791   -1,3664   18,6212   
Итерация 110: -1,2896   -1,3711   18,6138   
Итерация 111: -1,3   -1,3757   18,6065   
Итерация 112: -1,27   -1,3372   18,5828   
Итерация 113: -1,2807   -1,342   18,5753   
Итерация 114: -1,2418   -1,3   18,5577   
Итерация 115: -1,2528   -1,305   18,5499   
Итерация 116: -1,2639   -1,31   18,5422   
Итерация 117: -1,2273   -1,2692   18,5225   
Итерация 118: -1,2387   -1,2743   18,5145   
Итерация 119: -1,2039   -1,2349   18,4936   
Итерация 120: -1,2155   -1,2402   18,4854   
Итерация 121: -1,2272   -1,2454   18,4773   
Итерация 122: -1,1949   -1,2075   18,4542   
Итерация 123: -1,2067   -1,2128   18,4459   
Итерация 124: -1,1643   -1,1708   18,43   
Итерация 125: -1,1765   -1,1764   18,4214   
Итерация 126: -1,1887   -1,1819   18,4129   
Итерация 127: -1,1484   -1,1412   18,3951   
Итерация 128: -1,161   -1,1469   18,3863   
Итерация 129: -1,1735   -1,1526   18,3775   
Итерация 130: -1,1355   -1,1133   18,3579   
Итерация 131: -1,1483   -1,1192   18,3489   
Итерация 132: -1,112   -1,0813   18,3282   
Итерация 133: -1,1251   -1,0873   18,3191   
Итерация 134: -1,1381   -1,0932   18,3099   
Итерация 135: -1,0909   -1,0508   18,2966   
Итерация 136: -1,1043   -1,0569   18,2872   
Итерация 137: -1,1177   -1,0631   18,2778   
Итерация 138: -1,0725   -1,022   18,263   
Итерация 139: -1,0863   -1,0283   18,2533   
Итерация 140: -1,1   -1,0346   18,2437   
Итерация 141: -1,0427   -0,9884   18,2372   
Итерация 142: -1,057   -0,995   18,2271   
Итерация 143: -1,0713   -1,0015   18,2172   
Итерация 144: -1,0854   -1,008   18,2073   
Итерация 145: -1,0302   -0,9631   18,1988   
Итерация 146: -1,045   -0,9699   18,1885   
Итерация 147: -1,0596   -0,9766   18,1782   
Итерация 148: -1,006   -0,9329   18,1685   
Итерация 149: -1,0212   -0,9399   18,1579   
Итерация 150: -1,0362   -0,9469   18,1474   
Итерация 151: -1,0512   -0,9538   18,137   
Итерация 152: -1   -0,9115   18,1252   
Итерация 153: -1,0154   -0,9187   18,1145   
Итерация 154: -1,0306   -0,9257   18,1038   
Итерация 155: -0,9654   -0,8775   18,1018   
Итерация 156: -0,9815   -0,885   18,0906   
Итерация 157: -0,9975   -0,8924   18,0795   
Итерация 158: -1,0132   -0,8997   18,0685   
Итерация 159: -0,9498   -0,8526   18,065   
Итерация 160: -0,9663   -0,8604   18,0535   
Итерация 161: -0,9826   -0,8679   18,0421   
Итерация 162: -0,9204   -0,822   18,0378   
Итерация 163: -0,9375   -0,83   18,0259   
Итерация 164: -0,9544   -0,8379   18,0142   
Итерация 165: -0,971   -0,8456   18,0026   
Итерация 166: -0,911   -0,8011   17,9966   
Итерация 167: -0,9283   -0,8093   17,9845   
Итерация 168: -0,9454   -0,8172   17,9726   
Итерация 169: -0,8869   -0,774   17,9657   
Итерация 170: -0,9047   -0,7824   17,9533   
Итерация 171: -0,9222   -0,7906   17,9411   
Итерация 172: -0,9393   -0,7986   17,9292   
Итерация 173: -0,8653   -0,7485   17,933   
Итерация 174: -0,8836   -0,7572   17,9202   
Итерация 175: -0,9016   -0,7656   17,9077   
Итерация 176: -0,9192   -0,7739   17,8954   
Итерация 177: -0,8467   -0,725   17,8981   
Итерация 178: -0,8655   -0,7339   17,885   
Итерация 179: -0,8839   -0,7426   17,8722   
Итерация 180: -0,9019   -0,751   17,8596   
Итерация 181: -0,8311   -0,7034   17,8611   
Итерация 182: -0,8503   -0,7124   17,8478   
Итерация 183: -0,869   -0,7213   17,8347   
Итерация 184: -0,8873   -0,7299   17,822   
Итерация 185: -0,7986   -0,6742   17,8358   
Итерация 186: -0,8187   -0,6838   17,8219   
Итерация 187: -0,8383   -0,6931   17,8083   
Итерация 188: -0,8575   -0,7021   17,795   
Итерация 189: -0,7896   -0,6568   17,7944   
Итерация 190: -0,8098   -0,6664   17,7804   
Итерация 191: -0,8295   -0,6757   17,7667   
Итерация 192: -0,8487   -0,6848   17,7533   
Итерация 193: -0,7625   -0,6312   17,7655   
Итерация 194: -0,7834   -0,6412   17,751   
Итерация 195: -0,8038   -0,6509   17,7369   
Итерация 196: -0,8237   -0,6603   17,7231   
Итерация 197: -0,7382   -0,6075   17,7349   
Итерация 198: -0,7598   -0,6179   17,7199   
Итерация 199: -0,7808   -0,6279   17,7053   
Итерация 200: -0,8012   -0,6376   17,6912   
Итерация 201: -0,7168   -0,5857   17,7024   
Итерация 202: -0,739   -0,5963   17,687   
Итерация 203: -0,7605   -0,6066   17,6721   
Итерация 204: -0,7813   -0,6166   17,6577   
Итерация 205: -0,8015   -0,6262   17,6436   
Итерация 206: -0,6978   -0,5655   17,6681   
Итерация 207: -0,7207   -0,5765   17,6523   
Итерация 208: -0,7428   -0,5871   17,637   
Итерация 209: -0,7642   -0,5973   17,6222   
Итерация 210: -0,7848   -0,6071   17,6078   
Итерация 211: -0,6823   -0,5473   17,6315   
Итерация 212: -0,7056   -0,5586   17,6154   
Итерация 213: -0,7282   -0,5694   17,5998   
Итерация 214: -0,7499   -0,5798   17,5847   
Итерация 215: -0,646   -0,5197   17,6095   
Итерация 216: -0,6706   -0,5316   17,5925   
Итерация 217: -0,6943   -0,543   17,5762   
Итерация 218: -0,7171   -0,5539   17,5604   
Итерация 219: -0,739   -0,5645   17,5452   
Итерация 220: -0,6373   -0,5058   17,5686   
Итерация 221: -0,662   -0,5178   17,5515   
Итерация 222: -0,6859   -0,5292   17,535   
Итерация 223: -0,7087   -0,5402   17,5192   
Итерация 224: -0,7306   -0,5508   17,504   
Итерация 225: -0,6058   -0,4813   17,5434   
Итерация 226: -0,6318   -0,4939   17,5255   
Итерация 227: -0,6568   -0,506   17,5083   
Итерация 228: -0,6807   -0,5175   17,4917   
Итерация 229: -0,7036   -0,5286   17,4759   
Итерация 230: -0,6042   -0,4718   17,4979   
Итерация 231: -0,6301   -0,4843   17,4801   
Итерация 232: -0,6547   -0,4962   17,463   
Итерация 233: -0,6783   -0,5076   17,4467   
Итерация 234: -0,7008   -0,5184   17,4311   
Итерация 235: -0,5786   -0,451   17,4691   
Итерация 236: -0,6055   -0,464   17,4506   
Итерация 237: -0,6311   -0,4764   17,433   
Итерация 238: -0,6554   -0,4882   17,4161   
Итерация 239: -0,6786   -0,4994   17,4   
Итерация 240: -0,5561   -0,4321   17,4384   
Итерация 241: -0,5838   -0,4456   17,4194   
Итерация 242: -0,6101   -0,4584   17,4012   
Итерация 243: -0,6351   -0,4705   17,3839   
Итерация 244: -0,6589   -0,482   17,3675   
Итерация 245: -0,5367   -0,4151   17,4058   
Итерация 246: -0,5651   -0,429   17,3864   
Итерация 247: -0,592   -0,4421   17,3678   
Итерация 248: -0,6175   -0,4544   17,3502   
Итерация 249: -0,6416   -0,4661   17,3335   
Итерация 250: -0,5204   -0,4001   17,3715   
Итерация 251: -0,5493   -0,4142   17,3517   
Итерация 252: -0,5766   -0,4275   17,3329   
Итерация 253: -0,6024   -0,44   17,3151   
Итерация 254: -0,7277   -0,5078   17,2739   
Итерация 255: -0,6263   -0,4516   17,2983   
Итерация 256: -0,5062   -0,3863   17,3357   
Итерация 257: -0,5356   -0,4007   17,3155   
Итерация 258: -0,5633   -0,4142   17,2965   
Итерация 259: -0,5895   -0,427   17,2784   
Итерация 260: -0,7132   -0,4937   17,2382   
Итерация 261: -0,6136   -0,4387   17,2615   
Итерация 262: -0,4954   -0,3746   17,2978   
Итерация 263: -0,5251   -0,3892   17,2774   
Итерация 264: -0,553   -0,4028   17,2582   
Итерация 265: -0,5793   -0,4156   17,2401   
Итерация 266: -0,458   -0,3503   17,2789   
Итерация 267: -0,4894   -0,3657   17,2574   
Итерация 268: -0,5189   -0,3802   17,2372   
Итерация 269: -0,5465   -0,3936   17,2182   
Итерация 270: -0,6705   -0,46   17,177   
Итерация 271: -0,5719   -0,406   17,2004   
Итерация 272: -0,454   -0,3427   17,2373   
Итерация 273: -0,4852   -0,358   17,2159   
Итерация 274: -0,5144   -0,3723   17,1959   
Итерация 275: -0,5416   -0,3856   17,1771   
Итерация 276: -0,6616   -0,4497   17,1383   
Итерация 277: -0,5666   -0,3978   17,1596   
Итерация 278: -0,4528   -0,3368   17,1941   
Итерация 279: -0,4836   -0,3519   17,173   
Итерация 280: -0,5122   -0,3659   17,1533   
Итерация 281: -0,6346   -0,4309   17,1125   
Итерация 282: -0,5385   -0,3787   17,135   
Итерация 283: -0,4228   -0,317   17,1712   
Итерация 284: -0,455   -0,3328   17,1491   
Итерация 285: -0,4849   -0,3475   17,1286   
Итерация 286: -0,6092   -0,4132   17,0861   
Итерация 287: -0,5123   -0,3609   17,1095   
Итерация 288: -0,6294   -0,4231   17,072   
Итерация 289: -0,5378   -0,3734   17,0917   
Итерация 290: -0,4274   -0,3145   17,1246   
Итерация 291: -0,4588   -0,3299   17,1031   
Итерация 292: -0,585   -0,3964   17,059   
Итерация 293: -0,4874   -0,3439   17,0833   
Итерация 294: -0,606   -0,4067   17,0443   
Итерация 295: -0,514   -0,3569   17,0647   
Итерация 296: -0,4025   -0,2978   17,0987   
Итерация 297: -0,4352   -0,3139   17,0763   
Итерация 298: -0,4653   -0,3286   17,0557   
Итерация 299: -0,5843   -0,3913   17,016   
Итерация 300: -0,4926   -0,342   17,0367   
Итерация 301: -0,3812   -0,2831   17,0712   
Итерация 302: -0,4147   -0,2996   17,0483   
Итерация 303: -0,4455   -0,3147   17,0271   
Итерация 304: -0,5642   -0,3771   16,9871   
Итерация 305: -0,4733   -0,3284   17,0078   
Итерация 306: -0,3624   -0,2699   17,0425   
Итерация 307: -0,3966   -0,2868   17,0192   
Итерация 308: -0,4278   -0,3022   16,9977   
Итерация 309: -0,5458   -0,364   16,9577   
Итерация 310: -0,456   -0,3161   16,9782   
Итерация 311: -0,3462   -0,2583   17,0128   
Итерация 312: -0,3808   -0,2755   16,9891   
Итерация 313: -0,5069   -0,3411   16,9431   
Итерация 314: -0,4121   -0,2908   16,9676   
Итерация 315: -0,529   -0,3519   16,9277   
Итерация 316: -0,4407   -0,3049   16,9478   
Итерация 317: -0,3321   -0,248   16,982   
Итерация 318: -0,3672   -0,2653   16,9581   
Итерация 319: -0,4918   -0,3301   16,9125   
Итерация 320: -0,3987   -0,2809   16,9363   
Итерация 321: -0,5139   -0,3409   16,8971   
Итерация 322: -0,4275   -0,295   16,9164   
Итерация 323: -0,3209   -0,2393   16,9499   
Итерация 324: -0,3561   -0,2567   16,9258   
Итерация 325: -0,4785   -0,3202   16,8812   
Итерация 326: -0,3877   -0,2723   16,9041   
Итерация 327: -0,5004   -0,3309   16,8659   
Итерация 328: -0,4163   -0,2863   16,8842   
Итерация 329: -0,3124   -0,2321   16,9165   
Итерация 330: -0,3475   -0,2495   16,8925   
Итерация 331: -0,4667   -0,3112   16,8494   
Итерация 332: -0,3787   -0,2649   16,871   
Итерация 333: -0,4883   -0,3218   16,8344   
Итерация 334: -0,407   -0,2788   16,8514   
Итерация 335: -0,3064   -0,2263   16,882   
Итерация 336: -0,341   -0,2435   16,8584   
Итерация 337: -0,4564   -0,3032   16,8172   
Итерация 338: -0,3717   -0,2587   16,8372   
Итерация 339: -0,4773   -0,3135   16,8026   
Итерация 340: -0,3993   -0,2723   16,818   
Итерация 341: -0,3026   -0,2219   16,8467   
Итерация 342: -0,4247   -0,2848   16,8005   
Итерация 343: -0,3362   -0,2385   16,8236   
Итерация 344: -0,4474   -0,296   16,7847   
Итерация 345: -0,3663   -0,2534   16,8029   
Итерация 346: -0,4677   -0,306   16,7705   
Итерация 347: -0,3932   -0,2666   16,7841   
Итерация 348: -0,3007   -0,2185   16,8106   
Итерация 349: -0,4178   -0,2788   16,7671   
Итерация 350: -0,3334   -0,2347   16,7881   
Итерация 351: -0,4396   -0,2895   16,7519   
Итерация 352: -0,3625   -0,249   16,7679   
Итерация 353: -0,266   -0,199   16,7977   
Итерация 354: -0,389   -0,2621   16,7497   
Итерация 355: -0,3014   -0,2166   16,7734   
Итерация 356: -0,4124   -0,2737   16,7334   
Итерация 357: -0,3328   -0,2321   16,7518   
Итерация 358: -0,4332   -0,2839   16,7189   
Итерация 359: -0,3606   -0,2458   16,7325   
Итерация 360: -0,2698   -0,1988   16,7591   
Итерация 361: -0,3857   -0,2582   16,7152   
Итерация 362: -0,3035   -0,2155   16,736   
Итерация 363: -0,4078   -0,2691   16,6998   
Итерация 364: -0,3333   -0,2302   16,7154   
Итерация 365: -0,2394   -0,1817   16,7447   
Итерация 366: -0,3601   -0,2434   16,697   
Итерация 367: -0,2755   -0,1996   16,72   
Итерация 368: -0,3835   -0,255   16,6807   
Итерация 369: -0,3072   -0,2153   16,6982   
Итерация 370: -0,404   -0,2652   16,6663   
Итерация 371: -0,335   -0,2291   16,6789   
Итерация 372: -0,2481   -0,1841   16,7043   
Итерация 373: -0,3598   -0,2413   16,6618   
Итерация 374: -0,2818   -0,2008   16,6812   
Итерация 375: -0,3814   -0,252   16,6467   
Итерация 376: -0,3112   -0,2154   16,6609   
Итерация 377: -0,2222   -0,1695   16,6883   
Итерация 378: -0,3373   -0,2284   16,6429   
Итерация 379: -0,2578   -0,1872   16,664   
Итерация 380: -0,36   -0,2396   16,6271   
Итерация 381: -0,2887   -0,2025   16,6427   
Итерация 382: -0,3796   -0,2492   16,6133   
Итерация 383: -0,3156   -0,2158   16,6241   
Итерация 384: -0,2346   -0,1741   16,6468   
Итерация 385: -0,3392   -0,2276   16,6077   
Итерация 386: -0,2671   -0,1902   16,6246   
Итерация 387: -0,3597   -0,2377   16,5934   
Итерация 388: -0,2951   -0,2041   16,6052   
Итерация 389: -0,2131   -0,1619   16,6294   
Итерация 390: -0,3197   -0,2163   16,5882   
Итерация 391: -0,2469   -0,1787   16,6063   
Итерация 392: -0,3408   -0,2267   16,5735   
Итерация 393: -0,276   -0,1931   16,5862   
Итерация 394: -0,1932   -0,1506   16,6117   
Итерация 395: -0,3015   -0,2057   16,5687   
Итерация 396: -0,2283   -0,168   16,5878   
Итерация 397: -0,3232   -0,2165   16,5536   
Итерация 398: -0,2584   -0,183   16,5671   
Итерация 399: -0,3417   -0,2256   16,5406   
Итерация 400: -0,284   -0,1957   16,5493   
Итерация 401: -0,2107   -0,158   16,5692   
Итерация 402: -0,3063   -0,2067   16,5338   
Итерация 403: -0,2416   -0,1733   16,548   
Итерация 404: -0,3252   -0,216   16,5206   
Итерация 405: -0,2679   -0,1864   16,5298   
Итерация 406: -0,1947   -0,1488   16,5504   
Итерация 407: -0,2906   -0,1976   16,5141   
Итерация 408: -0,2263   -0,1645   16,5288   
Итерация 409: -0,3097   -0,2071   16,5007   
Итерация 410: -0,2531   -0,1778   16,5103   
Итерация 411: -0,1804   -0,1405   16,5314   
Итерация 412: -0,276   -0,1892   16,4945   
Итерация 413: -0,2125   -0,1565   16,5094   
Итерация 414: -0,2953   -0,1987   16,481   
Итерация 415: -0,2395   -0,1699   16,4908   
Итерация 416: -0,1677   -0,1331   16,512   
Итерация 417: -0,2626   -0,1814   16,4748   
Итерация 418: -0,2001   -0,1492   16,4899   
Итерация 419: -0,2819   -0,1909   16,4613   
Итерация 420: -0,2273   -0,1627   16,4712   
Итерация 421: -0,1566   -0,1266   16,4924   
Итерация 422: -0,2503   -0,1742   16,4553   
Итерация 423: -0,1891   -0,1428   16,4702   
Итерация 424: -0,2695   -0,1837   16,4419   
Итерация 425: -0,2162   -0,1562   16,4516   
Итерация 426: -0,147   -0,1209   16,4726   
Итерация 427: -0,2391   -0,1676   16,4358   
Итерация 428: -0,1794   -0,137   16,4505   
Итерация 429: -0,258   -0,177   16,4226   
Итерация 430: -0,2063   -0,1504   16,432   
Итерация 431: -0,139   -0,116   16,4525   
Итерация 432: -0,2289   -0,1616   16,4164   
Итерация 433: -0,171   -0,132   16,4307   
Итерация 434: -0,2474   -0,1708   16,4035   
Итерация 435: -0,1975   -0,1451   16,4125   
Итерация 436: -0,1323   -0,1119   16,4323   
Итерация 437: -0,2196   -0,1561   16,3973   
Итерация 438: -0,1638   -0,1276   16,4109   
Итерация 439: -0,2376   -0,1651   16,3846   
Итерация 440: -0,1897   -0,1404   16,3931   
Итерация 441: -0,127   -0,1085   16,412   
Итерация 442: -0,2111   -0,1511   16,3783   
Итерация 443: -0,1577   -0,1237   16,3911   
Итерация 444: -0,2286   -0,1598   16,3661   
Итерация 445: -0,1828   -0,1362   16,3739   
Итерация 446: -0,1228   -0,1056   16,3917   
Итерация 447: -0,2034   -0,1465   16,3596   
Итерация 448: -0,1525   -0,1204   16,3715   
Итерация 449: -0,2202   -0,1548   16,3478   
Итерация 450: -0,1766   -0,1324   16,3548   
Итерация 451: -0,1196   -0,1034   16,3715   
Итерация 452: -0,1964   -0,1423   16,3412   
Итерация 453: -0,1482   -0,1176   16,352   
Итерация 454: -0,2124   -0,1502   16,33   
Итерация 455: -0,1712   -0,129   16,3361   
Итерация 456: -0,1173   -0,1016   16,3514   
Итерация 457: -0,19   -0,1384   16,3231   
Итерация 458: -0,1445   -0,1151   16,3328   
Итерация 459: -0,2051   -0,1459   16,3125   
Итерация 460: -0,1664   -0,126   16,3178   
Итерация 461: -0,1157   -0,1001   16,3316   
Итерация 462: -0,1841   -0,1348   16,3055   
Итерация 463: -0,1415   -0,113   16,314   
Итерация 464: -0,1982   -0,1418   16,2955   
Итерация 465: -0,162   -0,1232   16,2998   
Итерация 466: -0,1147   -0,099   16,3121   
Итерация 467: -0,1786   -0,1314   16,2883   
Итерация 468: -0,1389   -0,1111   16,2956   
Итерация 469: -0,0861   -0,0842   16,3122   
Итерация 470: -0,1583   -0,1207   16,2822   
Итерация 471: -0,1144   -0,0983   16,2929   
Итерация 472: -0,1735   -0,1283   16,2716   
Итерация 473: -0,1368   -0,1095   16,2776   
Итерация 474: -0,0881   -0,0847   16,2921   
Итерация 475: -0,1547   -0,1184   16,2652   
Итерация 476: -0,1144   -0,0978   16,2743   
Итерация 477: -0,1687   -0,1253   16,2554   
Итерация 478: -0,135   -0,108   16,2601   
Итерация 479: -0,0903   -0,0853   16,2727   
Итерация 480: -0,1513   -0,1161   16,2488   
Итерация 481: -0,1143   -0,0972   16,2563   
Итерация 482: -0,164   -0,1224   16,2399   
Итерация 483: -0,1331   -0,1066   16,2433   
Итерация 484: -0,0924   -0,0858   16,2539   
Итерация 485: -0,1479   -0,1139   16,233   
Итерация 486: -0,1143   -0,0967   16,239   
Итерация 487: -0,0692   -0,0738   16,253   
Итерация 488: -0,1314   -0,1053   16,2272   
Итерация 489: -0,0946   -0,0865   16,2358   
Итерация 490: -0,1446   -0,1118   16,2179   
Итерация 491: -0,1143   -0,0962   16,2223   
Итерация 492: -0,0737   -0,0756   16,234   
Итерация 493: -0,1296   -0,1039   16,2117   
Итерация 494: -0,0965   -0,087   16,2185   
Итерация 495: -0,1413   -0,1097   16,2035   
Итерация 496: -0,114   -0,0956   16,2065   
Итерация 497: -0,0777   -0,0772   16,216   
Итерация 498: -0,1275   -0,1024   16,1971   
Итерация 499: -0,0979   -0,0872   16,2022   
Итерация 500: -0,058   -0,067   16,2146   
Итерация 501: -0,1135   -0,095   16,1914   
Итерация 502: -0,0813   -0,0786   16,1988   
Итерация 503: -0,1253   -0,1008   16,1831   
Итерация 504: -0,099   -0,0874   16,1866   
Итерация 505: -0,0638   -0,0694   16,1965   
Итерация 506: -0,1125   -0,0941   16,1772   
Итерация 507: -0,0841   -0,0796   16,1827   
Итерация 508: -0,1227   -0,0992   16,17   
Итерация 509: -0,053   -0,0633   16,1762   
Итерация 510: -0,099   -0,0865   16,1575   
Итерация 511: -0,0725   -0,073   16,163   
Итерация 512: -0,1088   -0,0913   16,1507   
Итерация 513: -0,0872   -0,0803   16,1529   
Итерация 514: -0,0584   -0,0657   16,1603   
Итерация 515: -0,0983   -0,0858   16,1451   
Итерация 516: -0,0752   -0,074   16,1489   
Итерация 517: -0,0438   -0,0581   16,1584   
Итерация 518: -0,0878   -0,0803   16,1401   
Итерация 519: -0,0629   -0,0676   16,1455   
Итерация 520: -0,0971   -0,0849   16,1336   
Итерация 521: -0,0771   -0,0746   16,1358   
Итерация 522: -0,0501   -0,0609   16,1429   
Итерация 523: -0,0877   -0,0799   16,1284   
Итерация 524: -0,0662   -0,069   16,132   
Итерация 525: -0,037   -0,0541   16,1411   
Итерация 526: -0,0782   -0,0749   16,1237   
Итерация 527: -0,0552   -0,0632   16,1287   
Итерация 528: -0,087   -0,0793   16,1175   
Итерация 529: -0,0686   -0,0699   16,1195   
Итерация 530: -0,0439   -0,0572   16,1261   
Итерация 531: -0,0785   -0,0748   16,1126   
Итерация 532: -0,059   -0,0648   16,1158   
Итерация 533: -0,0322   -0,0512   16,1242   
Итерация 534: -0,0701   -0,0703   16,1082   
Итерация 535: -0,0493   -0,0596   16,1127   
Итерация 536: -0,0782   -0,0743   16,1025   
Итерация 537: -0,0616   -0,0658   16,1042   
Итерация 538: -0,0393   -0,0544   16,1101   
Итерация 539: -0,0706   -0,0703   16,0979   
Итерация 540: -0,0531   -0,0613   16,1006   
Итерация 541: -0,0292   -0,0491   16,1079   
Итерация 542: -0,0632   -0,0663   16,0936   
Итерация 543: -0,0447   -0,0568   16,0974   
Итерация 544: -0,0704   -0,0699   16,0885   
Итерация 545: -0,0265   -0,0472   16,0923   
Итерация 546: -0,0564   -0,0623   16,0799   
Итерация 547: -0,0402   -0,054   16,083   
Итерация 548: -0,0176   -0,0426   16,0906   
Итерация 549: -0,05   -0,0589   16,0762   
Итерация 550: -0,0328   -0,0501   16,0804   
Итерация 551: -0,057   -0,0624   16,0714   
Итерация 552: -0,0436   -0,0555   16,073   
Итерация 553: -0,0253   -0,0462   16,0781   
Итерация 554: -0,0513   -0,0593   16,0676   
Итерация 555: -0,0373   -0,0521   16,07   
Итерация 556: -0,0178   -0,0423   16,0762   
Итерация 557: -0,0458   -0,0564   16,0642   
Итерация 558: -0,031   -0,0488   16,0673   
Итерация 559: -0,0517   -0,0593   16,06   
Итерация 560: -0,0174   -0,0416   16,063   
Итерация 561: -0,0411   -0,0536   16,053   
Итерация 562: -0,0286   -0,0471   16,0554   
Итерация 563: -0,011   -0,0382   16,0613   
Итерация 564: -0,0364   -0,0511   16,05   
Итерация 565: -0,0233   -0,0444   16,0531   
Итерация 566: -0,0419   -0,0538   16,0462   
Итерация 567: -0,0117   -0,0382   16,0494   
Итерация 568: -0,0329   -0,0489   16,0402   
Итерация 569: -0,0219   -0,0433   16,0425   
Итерация 570: -0,0064   -0,0354   16,0479   
Итерация 571: -0,029   -0,0468   16,0376   
Итерация 572: -0,0175   -0,041   16,0404   
Итерация 573: -0,0339   -0,0493   16,0342   
Итерация 574: -0,0078   -0,0358   16,0373   
Итерация 575: -0,0263   -0,0451   16,0291   
Итерация 576: -0,0169   -0,0403   16,0311   
Итерация 577: -0,0035   -0,0335   16,0359   
Итерация 578: -0,0231   -0,0434   16,0268   
Итерация 579: -0,0133   -0,0384   16,0293   
Итерация 580: -0,0273   -0,0455   16,0239   
Итерация 581: -0,0052   -0,0341   16,0265   
Итерация 582: -0,021   -0,0421   16,0195   
Итерация 583: -0,0131   -0,038   16,0212   
Значение целевой функции: 105,425452213652