Итерация 1: -35,9918   60,7088   -9,294   
Итерация 2: -45,2772   47,3619   -13,8508   
Итерация 3: -44,965   47,6655   -13,6637   
Итерация 4: -45,7949   46,874   -13,9662   
Итерация 5: -46,3705   46,3679   -14,1577   
Итерация 6: -46,7352   46,0707   -14,2744   
Итерация 7: -46,9598   45,8933   -14,3421   
Итерация 8: -43,1934   42,4552   -10,9386   
Итерация 9: -38,3773   38,4311   -7,2043   
Итерация 10: -34,4365   35,2036   -4,5606   
Итерация 11: -31,1664   32,5602   -2,6749   
Итерация 12: -28,4742   30,38   -1,3421   
Итерация 13: -26,083   28,5023   -0,3445   
Итерация 14: -24,1098   26,9211   0,3215   
Итерация 15: -22,3226   25,5277   0,8421   
Итерация 16: -20,8222   24,3425   1,2585   
Итерация 17: -19,4518   23,2896   1,6174   
Итерация 18: -18,3064   22,3895   1,9059   
Итерация 19: -17,3064   21,5979   2,1474   
Итерация 20: -16,3714   20,8759   2,3623   
Итерация 21: -15,5054   20,2242   2,5522   
Итерация 22: -14,8008   19,6634   2,7037   
Итерация 23: -14,0829   19,1272   2,8498   
Итерация 24: -13,4451   18,6423   2,9761   
Итерация 25: -12,8863   18,2114   3,0837   
Итерация 26: -12,4089   17,8261   3,174   
Итерация 27: -11,9224   17,4586   3,2616   
Итерация 28: -11,4308   17,1033   3,3466   
Итерация 29: -11,0262   16,7888   3,4162   
Итерация 30: -10,7056   16,5201   3,4711   
Итерация 31: -10,2898   16,2253   3,5373   
Итерация 32: -9,9604   15,9786   3,5892   
Итерация 33: -9,7222   15,7598   3,6284   
Итерация 34: -9,3851   15,5239   3,6782   
Итерация 35: -9,1383   15,3261   3,7153   
Итерация 36: -8,8881   15,1342   3,7517   
Итерация 37: -8,637   14,9428   3,7874   
Итерация 38: -8,3829   14,7599   3,8223   
Итерация 39: -8,1262   14,5865   3,8563   
Итерация 40: -7,9636   14,4416   3,8792   
Итерация 41: -7,7977   14,3032   3,9017   
Итерация 42: -7,5348   14,1411   3,934   
Итерация 43: -7,3692   14,0032   3,9558   
Итерация 44: -7,1979   13,8817   3,9769   
Итерация 45: -7,0285   13,7534   3,9979   
Итерация 46: -6,952   13,6608   4,0087   
Итерация 47: -6,7767   13,5439   4,029   
Итерация 48: -6,6037   13,421   4,0491   
Итерация 49: -6,4277   13,3099   4,0687   
Итерация 50: -6,3474   13,2287   4,0788   
Итерация 51: -6,2673   13,1439   4,0889   
Итерация 52: -6,086   13,0429   4,1077   
Итерация 53: -6,005   12,9609   4,1175   
Итерация 54: -5,9214   12,8854   4,1271   
Итерация 55: -5,8351   12,8167   4,1365   
Итерация 56: -5,6526   12,7144   4,1545   
Итерация 57: -5,5688   12,6402   4,1638   
Итерация 58: -5,4823   12,5736   4,1728   
Итерация 59: -5,3963   12,5043   4,1818   
Итерация 60: -5,3076   12,4432   4,1906   
Итерация 61: -5,2196   12,3795   4,1994   
Итерация 62: -5,1323   12,3133   4,2081   
Итерация 63: -5,0457   12,2446   4,2168   
Итерация 64: -4,9563   12,1853   4,2253   
Итерация 65: -4,8677   12,1236   4,2337   
Итерация 66: -4,875   12,0995   4,234   
Итерация 67: -4,7864   12,0327   4,2424   
Итерация 68: -4,695   11,9763   4,2505   
Итерация 69: -4,6046   11,9178   4,2586   
Итерация 70: -4,5113   11,8701   4,2666   
Итерация 71: -4,5191   11,8439   4,2669   
Итерация 72: -4,43   11,7788   4,2749   
Итерация 73: -4,338   11,7251   4,2827   
Итерация 74: -4,342   11,7115   4,2829   
Итерация 75: -4,2504   11,6536   4,2906   
Итерация 76: -4,1558   11,608   4,2982   
Итерация 77: -4,1643   11,5796   4,2985   
Итерация 78: -4,0701   11,5302   4,306   
Итерация 79: -4,0788   11,5012   4,3063   
Итерация 80: -3,9808   11,4629   4,3136   
Итерация 81: -3,9897   11,433   4,3139   
Итерация 82: -3,8924   11,3914   4,3212   
Итерация 83: -3,801   11,3333   4,3286   
Итерация 84: -3,8056   11,3178   4,3287   
Итерация 85: -3,8103   11,3021   4,3289   
Итерация 86: -3,7144   11,2541   4,336   
Итерация 87: -3,7192   11,238   4,3362   
Итерация 88: -3,6243   11,1869   4,3433   
Итерация 89: -3,6291   11,1704   4,3434   
Итерация 90: -3,5304   11,1328   4,3503   
Итерация 91: -3,5354   11,1159   4,3505   
Итерация 92: -3,5404   11,0988   4,3507   
Итерация 93: -3,442   11,0566   4,3575   
Итерация 94: -3,4472   11,0391   4,3577   
Итерация 95: -3,35   10,9943   4,3645   
Итерация 96: -3,3553   10,9764   4,3646   
Итерация 97: -3,3606   10,9585   4,3648   
Итерация 98: -3,2587   10,9275   4,3714   
Итерация 99: -3,2642   10,9089   4,3715   
Итерация 100: -3,2696   10,8904   4,3717   
Итерация 101: -3,1685   10,8556   4,3782   
Итерация 102: -3,1741   10,8366   4,3784   
Итерация 103: -3,0745   10,7997   4,3848   
Итерация 104: -3,0803   10,7802   4,385   
Итерация 105: -3,086   10,7607   4,3851   
Итерация 106: -2,9816   10,7401   4,3914   
Итерация 107: -2,9876   10,7198   4,3916   
Итерация 108: -2,9935   10,6996   4,3917   
Итерация 109: -2,8901   10,676   4,3979   
Итерация 110: -2,8962   10,6551   4,3981   
Итерация 111: -2,9023   10,6344   4,3982   
Итерация 112: -2,8001   10,6077   4,4044   
Итерация 113: -2,8064   10,5864   4,4045   
Итерация 114: -2,8126   10,5652   4,4047   
Итерация 115: -2,7054   10,5573   4,4106   
Итерация 116: -2,712   10,5351   4,4108   
Итерация 117: -2,7185   10,5131   4,4109   
Итерация 118: -2,7248   10,4913   4,4111   
Итерация 119: -2,6185   10,4797   4,417   
Итерация 120: -2,6252   10,457   4,4171   
Итерация 121: -2,6318   10,4345   4,4173   
Итерация 122: -2,5269   10,4207   4,4231   
Итерация 123: -2,5339   10,3974   4,4233   
Итерация 124: -2,5406   10,3744   4,4234   
Итерация 125: -2,5472   10,3517   4,4236   
Итерация 126: -2,4368   10,3578   4,4292   
Итерация 127: -2,4439   10,3336   4,4293   
Итерация 128: -2,4509   10,3099   4,4295   
Итерация 129: -2,4577   10,2865   4,4296   
Итерация 130: -2,3409   10,3152   4,435   
Итерация 131: -2,3486   10,2895   4,4352   
Итерация 132: -2,3561   10,2644   4,4353   
Итерация 133: -2,3633   10,2397   4,4355   
Итерация 134: -2,3703   10,2156   4,4357   
Итерация 135: -2,2543   10,2414   4,441   
Итерация 136: -2,2622   10,215   4,4411   
Итерация 137: -2,2698   10,1892   4,4413   
Итерация 138: -2,2772   10,1639   4,4415   
Итерация 139: -2,1621   10,189   4,4467   
Итерация 140: -2,1704   10,1615   4,4469   
Итерация 141: -2,1784   10,1347   4,447   
Итерация 142: -2,1861   10,1086   4,4472   
Итерация 143: -2,0724   10,1324   4,4524   
Итерация 144: -2,081   10,104   4,4526   
Итерация 145: -2,0893   10,0764   4,4527   
Итерация 146: -2,0972   10,0496   4,4529   
Итерация 147: -2,1047   10,0236   4,453   
Итерация 148: -1,9846   10,0719   4,458   
Итерация 149: -1,9935   10,0425   4,4582   
Итерация 150: -2,0021   10,0139   4,4583   
Итерация 151: -2,0102   9,9863   4,4585   
Итерация 152: -2,0179   9,9596   4,4586   
Итерация 153: -1,8993   10,0062   4,4636   
Итерация 154: -1,9085   9,976   4,4637   
Итерация 155: -1,9172   9,9468   4,4639   
Итерация 156: -1,9254   9,9187   4,464   
Итерация 157: -1,9332   9,8916   4,4642   
Итерация 158: -1,8068   9,9673   4,4689   
Итерация 159: -1,8168   9,9352   4,4691   
Итерация 160: -1,8261   9,9042   4,4692   
Итерация 161: -1,835   9,8745   4,4694   
Итерация 162: -1,8433   9,8459   4,4695   
Итерация 163: -1,7171   9,9241   4,4742   
Итерация 164: -1,7277   9,8902   4,4744   
Итерация 165: -1,7377   9,8577   4,4745   
Итерация 166: -1,747   9,8266   4,4747   
Итерация 167: -1,7558   9,7968   4,4748   
Итерация 168: -1,8812   9,7171   4,4702   
Итерация 169: -1,7633   9,7686   4,475   
Итерация 170: -1,6392   9,8429   4,4796   
Итерация 171: -1,6498   9,8085   4,4798   
Итерация 172: -1,6598   9,7757   4,4799   
Итерация 173: -1,669   9,7445   4,4801   
Итерация 174: -1,7938   9,6636   4,4755   
Итерация 175: -1,6769   9,7152   4,4802   
Итерация 176: -1,5538   9,7901   4,4848   
Итерация 177: -1,565   9,7542   4,4849   
Итерация 178: -1,5754   9,7202   4,4851   
Итерация 179: -1,585   9,688   4,4852   
Итерация 180: -1,7082   9,6072   4,4807   
Итерация 181: -1,5932   9,6578   4,4854   
Итерация 182: -1,4718   9,7321   4,4899   
Итерация 183: -1,4834   9,6952   4,49   
Итерация 184: -1,4941   9,6604   4,4902   
Итерация 185: -1,5039   9,6275   4,4903   
Итерация 186: -1,6248   9,5483   4,4859   
Итерация 187: -1,5122   9,5969   4,4905   
Итерация 188: -1,3934   9,6692   4,4949   
Итерация 189: -1,4052   9,6318   4,4951   
Итерация 190: -1,4159   9,5966   4,4952   
Итерация 191: -1,5368   9,5121   4,4909   
Итерация 192: -1,4252   9,564   4,4954   
Итерация 193: -1,5435   9,4871   4,491   
Итерация 194: -1,4336   9,5329   4,4955   
Итерация 195: -1,3176   9,6025   4,4999   
Итерация 196: -1,3294   9,5646   4,5001   
Итерация 197: -1,3402   9,5293   4,5002   
Итерация 198: -1,4578   9,4484   4,4959   
Итерация 199: -1,3493   9,4966   4,5004   
Итерация 200: -1,4642   9,4238   4,496   
Итерация 201: -1,3577   9,4658   4,5005   
Итерация 202: -1,2453   9,5311   4,5049   
Итерация 203: -1,257   9,4935   4,505   
Итерация 204: -1,374   9,4086   4,5007   
Итерация 205: -1,267   9,4589   4,5051   
Итерация 206: -1,3809   9,3828   4,5009   
Итерация 207: -1,2759   9,4265   4,5053   
Итерация 208: -1,1649   9,4942   4,5096   
Итерация 209: -1,1774   9,4547   4,5097   
Итерация 210: -1,2932   9,3669   4,5055   
Итерация 211: -1,1881   9,4185   4,5099   
Итерация 212: -1,3004   9,3403   4,5056   
Итерация 213: -1,1976   9,3848   4,51   
Итерация 214: -1,3068   9,3156   4,5058   
Итерация 215: -1,2061   9,3534   4,5101   
Итерация 216: -1,1   9,4141   4,5144   
Итерация 217: -1,2147   9,3237   4,5102   
Итерация 218: -1,1114   9,3762   4,5145   
Итерация 219: -1,2222   9,2963   4,5104   
Итерация 220: -1,1215   9,3411   4,5147   
Итерация 221: -1,2287   9,271   4,5105   
Итерация 222: -1,1305   9,3088   4,5148   
Итерация 223: -1,0266   9,3698   4,519   
Итерация 224: -1,1392   9,2783   4,5149   
Итерация 225: -1,0385   9,3306   4,5191   
Итерация 226: -1,1469   9,2505   4,515   
Итерация 227: -1,049   9,2947   4,5193   
Итерация 228: -1,1535   9,2249   4,5151   
Итерация 229: -1,0583   9,2617   4,5194   
Итерация 230: -0,9574   9,3218   4,5236   
Итерация 231: -1,0671   9,231   4,5195   
Итерация 232: -0,9696   9,282   4,5237   
Итерация 233: -1,0748   9,2031   4,5196   
Итерация 234: -0,9803   9,2457   4,5238   
Итерация 235: -1,0813   9,1778   4,5197   
Итерация 236: -0,9896   9,2127   4,5239   
Итерация 237: -0,8924   9,2706   4,5281   
Итерация 238: -0,9984   9,1822   4,5241   
Итерация 239: -0,9047   9,2308   4,5282   
Итерация 240: -1,0059   9,1547   4,5242   
Итерация 241: -0,9153   9,1947   4,5283   
Итерация 242: -1,0122   9,13   4,5243   
Итерация 243: -0,9244   9,1622   4,5284   
Итерация 244: -0,8315   9,2168   4,5325   
Итерация 245: -0,933   9,1325   4,5285   
Итерация 246: -0,8436   9,1776   4,5326   
Итерация 247: -0,9401   9,1059   4,5286   
Итерация 248: -0,854   9,1425   4,5328   
Итерация 249: -0,946   9,0821   4,5287   
Итерация 250: -0,8627   9,111   4,5329   
Итерация 251: -0,7746   9,1613   4,5369   
Итерация 252: -0,8708   9,0825   4,533   
Итерация 253: -0,7862   9,1234   4,537   
Итерация 254: -0,8774   9,0572   4,5331   
Итерация 255: -0,7961   9,0897   4,5371   
Итерация 256: -0,8829   9,0347   4,5331   
Итерация 257: -0,7376   9,0257   4,5416   
Итерация 258: -0,6599   9,0705   4,5456   
Итерация 259: -0,745   8,9997   4,5417   
Итерация 260: -0,6707   9,0357   4,5457   
Итерация 261: -0,751   8,9768   4,5417   
Итерация 262: -0,6797   9,0051   4,5458   
Итерация 263: -0,7558   8,9567   4,5418   
Итерация 264: -0,6288   8,9469   4,5501   
Итерация 265: -0,5612   8,9853   4,554   
Итерация 266: -0,6353   8,9238   4,5501   
Итерация 267: -0,5709   8,9542   4,5541   
Итерация 268: -0,6405   8,9037   4,5502   
Итерация 269: -0,5788   8,9271   4,5541   
Итерация 270: -0,513   8,968   4,558   
Итерация 271: -0,5858   8,9031   4,5542   
Итерация 272: -0,5234   8,9354   4,5581   
Итерация 273: -0,5914   8,8822   4,5543   
Итерация 274: -0,5319   8,9072   4,5582   
Итерация 275: -0,5958   8,8642   4,5543   
Итерация 276: -0,5388   8,8827   4,5582   
Итерация 277: -0,4785   8,9168   4,5621   
Итерация 278: -0,5448   8,8613   4,5583   
Итерация 279: -0,4876   8,8876   4,5622   
Итерация 280: -0,5495   8,8429   4,5584   
Итерация 281: -0,495   8,8624   4,5623   
Итерация 282: -0,4369   8,8978   4,5661   
Итерация 283: -0,5012   8,8406   4,5623   
Итерация 284: -0,4464   8,8678   4,5662   
Итерация 285: -0,5061   8,822   4,5624   
Итерация 286: -0,4541   8,8422   4,5662   
Итерация 287: -0,5099   8,8061   4,5624   
Итерация 288: -0,4181   8,7943   4,5703   
Итерация 289: -0,3701   8,8205   4,5741   
Итерация 290: -0,4229   8,7769   4,5703   
Итерация 291: -0,3776   8,7964   4,5741   
Итерация 292: -0,4265   8,7622   4,5704   
Итерация 293: -0,3835   8,776   4,5742   
Итерация 294: -0,3378   8,8024   4,5779   
Итерация 295: -0,3883   8,7587   4,5742   
Итерация 296: -0,3454   8,7782   4,578   
Итерация 297: -0,392   8,7441   4,5743   
Итерация 298: -0,3514   8,7579   4,5781   
Итерация 299: -0,308   8,7841   4,5818   
Итерация 300: -0,3563   8,7408   4,5781   
Итерация 301: -0,3157   8,7601   4,5819   
Итерация 302: -0,3599   8,7265   4,5781   
Итерация 303: -0,3217   8,7401   4,5819   
Итерация 304: -0,2808   8,7656   4,5856   
Итерация 305: -0,3265   8,7233   4,5819   
Итерация 306: -0,2884   8,742   4,5857   
Итерация 307: -0,3302   8,7094   4,582   
Итерация 308: -0,2944   8,7225   4,5857   
Итерация 309: -0,3327   8,6979   4,582   
Итерация 310: -0,231   8,7234   4,5933   
Итерация 311: -0,2699   8,6866   4,5896   
Итерация 312: -0,2377   8,7026   4,5933   
Итерация 313: -0,273   8,6745   4,5896   
Итерация 314: -0,2429   8,6856   4,5934   
Итерация 315: -0,2753   8,6647   4,5897   
Итерация 316: -0,1899   8,6858   4,6008   
Итерация 317: -0,2226   8,6546   4,5972   
Итерация 318: -0,1958   8,6679   4,6009   
Итерация 319: -0,2253   8,6444   4,5972   
Итерация 320: -0,2002   8,6534   4,6009   
Итерация 321: -0,2271   8,6361   4,5972   
Итерация 322: -0,1563   8,6528   4,6083   
Итерация 323: -0,1833   8,6272   4,6047   
Итерация 324: -0,1612   8,6378   4,6083   
Итерация 325: -0,1854   8,6187   4,6047   
Итерация 326: -0,1648   8,6258   4,6084   
Итерация 327: -0,1427   8,6396   4,612   
Итерация 328: -0,1676   8,616   4,6084   
Итерация 329: -0,1473   8,6255   4,612   
Итерация 330: -0,1696   8,6082   4,6084   
Итерация 331: -0,1507   8,6144   4,6121   
Итерация 332: -0,1305   8,6267   4,6157   
Итерация 333: -0,1533   8,6054   4,6121   
Итерация 334: -0,1347   8,6138   4,6157   
Итерация 335: -0,155   8,5983   4,6121   
Итерация 336: -0,1378   8,6036   4,6157   
Итерация 337: -0,1193   8,6145   4,6194   
Итерация 338: -0,14   8,5955   4,6158   
Итерация 339: -0,1232   8,6027   4,6194   
Итерация 340: -0,1416   8,5891   4,6158   
Итерация 341: -0,1259   8,5935   4,6194   
Итерация 342: -0,1092   8,6029   4,6231   
Итерация 343: -0,1279   8,5862   4,6194   
Итерация 344: -0,1126   8,5923   4,6231   
Итерация 345: -0,1292   8,5805   4,6195   
Итерация 346: -0,0866   8,5911   4,6304   
Итерация 347: -0,1031   8,5744   4,6268   
Итерация 348: -0,09   8,5808   4,6304   
Итерация 349: -0,1045   8,569   4,6268   
Итерация 350: -0,0925   8,5729   4,6304   
Итерация 351: -0,0796   8,581   4,6341   
Итерация 352: -0,0942   8,5668   4,6304   
Итерация 353: -0,0825   8,572   4,6341   
Итерация 354: -0,0954   8,5621   4,6304   
Итерация 355: -0,0846   8,5651   4,6341   
Итерация 356: -0,0731   8,5718   4,6377   
Итерация 357: -0,0861   8,5598   4,6341   
Итерация 358: -0,0757   8,564   4,6377   
Итерация 359: -0,087   8,5558   4,6341   
Итерация 360: -0,0582   8,5626   4,645   
Итерация 361: -0,0693   8,5512   4,6414   
Итерация 362: -0,0606   8,5553   4,645   
Итерация 363: -0,0702   8,5475   4,6414   
Итерация 364: -0,0623   8,5499   4,645   
Значение целевой функции: 70,8605126931377