2 10 11
0 6,4 1,6 6,3 0,7 5 9,6 4 2,2 1,5 1,3 7,2
0 5,8 1,6 1,4 6 7,9 9,4 5,9 5,2 5,4 2,2 0,3
4,8 2,4 9,1 5,4 2,2 9 1,6 11,8 10,1 18,7 12,5 <= 45,2
8,7 6,1 6,2 11,8 18,8 10 0,7 9,3 8,5 5,2 4,3 <= 279,5
7,3 17,6 10,8 4 19 2,4 3,7 15,6 1,4 6,6 9,5 <= 836
12,4 18,5 10,1 12,3 4,7 17 19 2,8 11,2 12,6 15,8 <= 478,2
19,1 14,4 16,7 5,9 4,1 19,9 1,9 9,8 1,6 15,9 15,4 <= 338,8
0,4 15,1 11,5 14,7 18,2 10 19,2 8,1 14,5 17,3 5,9 <= 287,1
19,2 13,7 7,6 1,7 6,5 5,3 3,7 10,3 5,7 13,9 11,7 <= 766
11,6 18,5 16,3 7,3 13,1 18,3 3,7 13,7 11,6 5 13,6 <= 246,2
17 18,1 15 0,8 10 18,8 9 3,6 3,1 18,1 18,4 <= 63,2
13,2 15,3 3 18,3 2,3 13,4 16,6 6,1 11,3 10,2 1,4 <= 105,2
