Итерация 1: -0,00640866   11,48243588   12,45337255   12,01915911   13,5315209   12,64065495   
Итерация 2: -0,00583183   11,48229372   12,4531604   12,01909462   13,53137166   12,64044843   
Итерация 3: -0,00534584   11,48217163   12,45297818   12,01903924   13,53124349   12,64027106   
Итерация 4: -0,0049347   11,48206645   12,45282121   12,01899153   13,53113307   12,64011826   
Итерация 5: -0,00457782   11,48197352   12,45268252   12,01894938   13,53103552   12,63998326   
Итерация 6: -0,00427292   11,4818929   12,4525622   12,01891282   13,5309509   12,63986615   
Итерация 7: -0,00400615   11,48182158   12,45245576   12,01888048   13,53087604   12,63976254   
Итерация 8: -0,00377529   11,48175946   12,45236305   12,01885231   13,53081084   12,6396723   
Итерация 9: -0,00356553   11,4817027   12,45227833   12,01882657   13,53075126   12,63958984   
Итерация 10: -0,00337778   11,48165149   12,45220191   12,01880335   13,53069752   12,63951546   
Итерация 11: -0,00320887   11,4816051   12,45213268   12,01878232   13,53064883   12,63944807   
Итерация 12: -0,00305126   11,48156137   12,45206742   12,01876249   13,53060293   12,63938455   
Итерация 13: -0,00291284   11,48152261   12,45200956   12,01874491   13,53056225   12,63932824   
Итерация 14: -0,00278635   11,48148702   12,45195645   12,01872878   13,5305249   12,63927654   
Итерация 15: -0,00267038   11,48145425   12,45190754   12,01871392   13,5304905   12,63922893   
Итерация 16: -0,00256366   11,48142396   12,45186234   12,01870019   13,53045872   12,63918494   
Итерация 17: -0,00246981   11,48139735   12,45182263   12,01868812   13,53043079   12,63914628   
Итерация 18: -0,00237838   11,48137146   12,45178398   12,01867638   13,53040362   12,63910867   
Итерация 19: -0,00229336   11,4813473   12,45174792   12,01866543   13,53037826   12,63907357   
Итерация 20: -0,00221422   11,48132473   12,45171424   12,0186552   13,53035458   12,63904079   
Итерация 21: -0,00214036   11,48130361   12,45168271   12,01864562   13,53033241   12,6390101   
Итерация 22: -0,00207125   11,48128379   12,45165313   12,01863664   13,53031161   12,63898131   
Итерация 23: -0,00200153   11,48126362   12,45162303   12,01862749   13,53029044   12,63895201   
Итерация 24: -0,00194119   11,48124602   12,45159677   12,01861951   13,53027197   12,63892645   
Итерация 25: -0,0018842   11,48122937   12,45157192   12,01861197   13,5302545   12,63890227   
Итерация 26: -0,00183042   11,48121363   12,45154844   12,01860483   13,53023799   12,63887941   
Итерация 27: -0,00177967   11,48119875   12,45152623   12,01859808   13,53022237   12,63885779   
Итерация 28: -0,00173163   11,48118465   12,45150517   12,01859169   13,53020757   12,6388373   
Итерация 29: -0,00168612   11,48117126   12,4514852   12,01858562   13,53019352   12,63881785   
Итерация 30: -0,00164774   11,48116003   12,45146844   12,01858053   13,53018174   12,63880154   
Итерация 31: -0,0016017   11,48114654   12,4514483   12,01857441   13,53016758   12,63878194   
Итерация 32: -0,00156723   11,48113642   12,4514332   12,01856983   13,53015696   12,63876724   
Итерация 33: -0,00153016   11,48112561   12,45141706   12,01856492   13,53014561   12,63875153   
Итерация 34: -0,00149455   11,4811152   12,45140153   12,01856021   13,53013469   12,63873642   
Итерация 35: -0,00146053   11,48110525   12,45138668   12,01855569   13,53012424   12,63872196   
Итерация 36: -0,00142802   11,48109573   12,45137246   12,01855138   13,53011425   12,63870813   
Итерация 37: -0,00139693   11,48108661   12,45135885   12,01854724   13,53010468   12,63869488   
Итерация 38: -0,00136717   11,48107786   12,4513458   12,01854328   13,5300955   12,63868218   
Итерация 39: -0,00133865   11,48106948   12,45133328   12,01853948   13,5300867   12,63866999   
Итерация 40: -0,00131128   11,48106142   12,45132126   12,01853582   13,53007824   12,63865829   
Итерация 41: -0,00128501   11,48105367   12,4513097   12,01853231   13,53007012   12,63864704   
Итерация 42: -0,00125489   11,4810447   12,45129631   12,01852824   13,5300607   12,63863401   
Итерация 43: -0,00123135   11,48103763   12,45128575   12,01852504   13,53005328   12,63862373   
Итерация 44: -0,00120812   11,48103064   12,45127533   12,01852187   13,53004595   12,63861359   
Итерация 45: -0,00118579   11,48102393   12,45126531   12,01851883   13,5300389   12,63860383   
Итерация 46: -0,00116426   11,48101745   12,45125564   12,01851589   13,53003211   12,63859442   
Итерация 47: -0,00114352   11,48101121   12,45124632   12,01851306   13,53002555   12,63858535   
Итерация 48: -0,0011235   11,48100518   12,45123732   12,01851033   13,53001922   12,63857659   
Итерация 49: -0,00110906   11,48100087   12,45123089   12,01850837   13,5300147   12,63857033   
Итерация 50: -0,00108495   11,48099366   12,45122014   12,01850511   13,53000714   12,63855987   
Итерация 51: -0,0010719   11,48098976   12,45121431   12,01850334   13,53000304   12,63855419   
Итерация 52: -0,00104946   11,48098304   12,45120429   12,01850029   13,529996   12,63854444   
Итерация 53: -0,00103725   11,48097938   12,45119883   12,01849864   13,52999216   12,63853913   
Итерация 54: -0,00101623   11,48097308   12,45118942   12,01849578   13,52998555   12,63852997   
Итерация 55: -0,00100477   11,48096965   12,45118429   12,01849422   13,52998194   12,63852498   
Итерация 56: -0,00099001   11,48096527   12,45117777   12,01849224   13,52997735   12,63851863   
Итерация 57: -0,00097005   11,48095929   12,45116884   12,01848953   13,52997107   12,63850994   
Итерация 58: -0,00095966   11,48095617   12,45116418   12,01848811   13,5299678   12,6385054   
Итерация 59: -0,00094621   11,48095217   12,45115821   12,0184863   13,5299636   12,63849959   
Итерация 60: -0,00093258   11,48094812   12,45115217   12,01848446   13,52995935   12,63849372   
Итерация 61: -0,00091924   11,48094417   12,45114626   12,01848267   13,5299552   12,63848797   
Итерация 62: -0,00090625   11,48094031   12,4511405   12,01848092   13,52995115   12,63848236   
Итерация 63: -0,00089364   11,48093656   12,45113491   12,01847922   13,52994722   12,63847691   
Итерация 64: -0,00088136   11,48093291   12,45112946   12,01847756   13,52994338   12,63847161   
Итерация 65: -0,00086942   11,48092935   12,45112415   12,01847595   13,52993965   12,63846645   
Итерация 66: -0,00085779   11,48092589   12,45111899   12,01847438   13,52993602   12,63846142   
Итерация 67: -0,00084648   11,48092252   12,45111396   12,01847286   13,52993248   12,63845652   
Итерация 68: -0,00083545   11,48091923   12,45110905   12,01847137   13,52992903   12,63845174   
Итерация 69: -0,00082471   11,48091603   12,45110427   12,01846991   13,52992567   12,63844709   
Итерация 70: -0,00081425   11,4809129   12,45109961   12,0184685   13,52992239   12,63844256   
Итерация 71: -0,00080405   11,48090986   12,45109506   12,01846712   13,5299192   12,63843813   
Итерация 72: -0,0007941   11,48090688   12,45109062   12,01846577   13,52991608   12,63843381   
Итерация 73: -0,00078439   11,48090398   12,45108629   12,01846445   13,52991303   12,63842959   
Итерация 74: -0,00076993   11,48089959   12,45107974   12,01846246   13,52990842   12,63842322   
Итерация 75: -0,0007663   11,48089849   12,4510781   12,01846196   13,52990727   12,63842162   
Расстояние до идеальной точки: 65,0094922164504
Время работы программы: 0:00.21
Ограничение 1 не нарушено. 
Ограничение 2 не нарушено. 
Ограничение 3 не нарушено. 
Ограничение 4 не нарушено. 
Ограничение 5 не нарушено. 
Ограничение 6 не нарушено. 
Ограничение на неотрицательгость X1 нарушено на 0,000766304518018264 единиц. 
Ограничение на неотрицательность X2 не нарушено. 
Ограничение на неотрицательность X3 не нарушено. 
Ограничение на неотрицательность X4 не нарушено. 
Ограничение на неотрицательность X5 не нарушено. 
Ограничение на неотрицательность X6 не нарушено. 
Штраф (сумма невязок): 0,000766304518018264