Итерация 1: 12,01297442   13,711561   8,99695281   6,44997957   -0,02861602   
Итерация 2: 12,01727922   13,71500236   8,9989752   6,45270884   -0,01808554   
Итерация 3: 12,0182731   13,71564361   8,99930393   6,45336749   -0,01205875   
Итерация 4: 12,01906115   13,71615199   8,9995647   6,45388966   -0,00904393   
Итерация 5: 12,01963907   13,71652479   8,99975597   6,45427259   -0,00724036   
Итерация 6: 12,02007623   13,71680678   8,99990066   6,45456224   -0,00602902   
Итерация 7: 12,02041247   13,71702367   9,00001196   6,45478502   -0,00516833   
Итерация 8: 12,02067652   13,717194   9,00009936   6,45495997   -0,00452661   
Итерация 9: 12,02089444   13,71733457   9,00017149   6,45510436   -0,00401858   
Итерация 10: 12,02107268   13,71744954   9,0002305   6,45522246   -0,00361712   
Итерация 11: 12,0212222   13,71754599   9,00027999   6,45532152   -0,00328855   
Итерация 12: 12,02134692   13,71762644   9,00032128   6,45540416   -0,00301899   
Итерация 13: 12,0214559   13,71769673   9,00035735   6,45547636   -0,00278665   
Итерация 14: 12,0215507   13,71775788   9,00038873   6,45553917   -0,00258747   
Итерация 15: 12,02163638   13,71781314   9,00041709   6,45559594   -0,00241049   
Итерация 16: 12,02171028   13,71786081   9,00044155   6,4556449   -0,00226008   
Итерация 17: 12,02177611   13,71790328   9,00046335   6,45568852   -0,00212728   
Итерация 18: 12,02183246   13,71793963   9,000482   6,45572585   -0,00201388   
Итерация 19: 12,02188524   13,71797367   9,00049947   6,45576082   -0,00190787   
Итерация 20: 12,02193311   13,71800454   9,00051532   6,45579254   -0,00181235   
Итерация 21: 12,02197668   13,71803265   9,00052974   6,45582141   -0,00172595   
Итерация 22: 12,02201651   13,71805834   9,00054293   6,45584779   -0,00164741   
Итерация 23: 12,02205572   13,71808364   9,00055591   6,45587378   -0,00157101   
Итерация 24: 12,02208954   13,71810545   9,0005671   6,45589618   -0,00150585   
Итерация 25: 12,02212085   13,71812565   9,00057747   6,45591693   -0,00144572   
Итерация 26: 12,02214986   13,71814436   9,00058707   6,45593615   -0,0013902   
Итерация 27: 12,02217681   13,71816174   9,00059599   6,455954   -0,00133879   
Итерация 28: 12,02219926   13,71817622   9,00060342   6,45596887   -0,00129572   
Итерация 29: 12,02222232   13,71819109   9,00061106   6,45598415   -0,00125123   
Итерация 30: 12,02224403   13,7182051   9,00061824   6,45599853   -0,00120945   
Итерация 31: 12,0222644   13,71821824   9,00062499   6,45601203   -0,00117035   
Итерация 32: 12,02228355   13,71823059   9,00063133   6,45602472   -0,0011337   
Итерация 33: 12,02230159   13,71824222   9,0006373   6,45603667   -0,00109927   
Итерация 34: 12,0223186   13,7182532   9,00064293   6,45604794   -0,00106688   
Итерация 35: 12,02233467   13,71826356   9,00064825   6,45605859   -0,00103633   
Итерация 36: 12,02234988   13,71827338   9,00065329   6,45606867   -0,00100749   
Итерация 37: 12,02236697   13,7182844   9,00065894   6,45607999   -0,00097552   
Итерация 38: 12,02238056   13,71829316   9,00066344   6,45608899   -0,00095038   
Итерация 39: 12,02239372   13,71830165   9,0006678   6,45609772   -0,00092603   
Итерация 40: 12,02240622   13,71830972   9,00067194   6,456106   -0,00090294   
Итерация 41: 12,02241813   13,7183174   9,00067588   6,45611389   -0,00088097   
Итерация 42: 12,02242672   13,71832294   9,00067872   6,45611958   -0,00086492   
Итерация 43: 12,02244032   13,71833171   9,00068322   6,45612859   -0,0008396   
Итерация 44: 12,02244795   13,71833663   9,00068575   6,45613365   -0,00082541   
Итерация 45: 12,02246034   13,71834462   9,00068985   6,45614185   -0,00080239   
Итерация 46: 12,02246734   13,71834914   9,00069217   6,45614649   -0,00078941   
Итерация 47: 12,02247593   13,71835468   9,00069501   6,45615218   -0,00077325   
Итерация 48: 12,02248446   13,71836018   9,00069784   6,45615784   -0,00075719   
Итерация 49: 12,0224927   13,7183655   9,00070057   6,45616329   -0,00074169   
Итерация 50: 12,02250063   13,71837061   9,00070319   6,45616855   -0,00072681   
Итерация 51: 12,02250825   13,71837553   9,00070571   6,4561736   -0,0007125   
Итерация 52: 12,02251559   13,71838026   9,00070814   6,45617846   -0,00069875   
Итерация 53: 12,02252266   13,71838482   9,00071048   6,45618315   -0,00068552   
Итерация 54: 12,02252948   13,71838922   9,00071274   6,45618766   -0,00067277   
Итерация 55: 12,02253606   13,71839346   9,00071492   6,45619202   -0,0006605   
Итерация 56: 12,0225424   13,71839755   9,00071702   6,45619622   -0,00064867   
Итерация 57: 12,02254853   13,71840151   9,00071905   6,45620028   -0,00063725   
Итерация 58: 12,02255445   13,71840533   9,00072101   6,4562042   -0,00062622   
Итерация 59: 12,02256018   13,71840902   9,0007229   6,456208   -0,00061557   
Итерация 60: 12,02256571   13,71841259   9,00072473   6,45621167   -0,00060528   
Итерация 61: 12,02257381   13,71841781   9,00072741   6,45621703   -0,00059053   
Итерация 62: 12,022576   13,71841922   9,00072814   6,45621848   -0,00058653   
Расстояние до идеальной точки: 241,17918943342
Время работы программы: 0:00.15
Ограничение 1 не нарушено. 
Ограничение 2 не нарушено. 
Ограничение 3 не нарушено. 
Ограничение 4 не нарушено. 
Ограничение 5 не нарушено. 
Ограничение на неотрицательность X1 не нарушено. 
Ограничение на неотрицательность X2 не нарушено. 
Ограничение на неотрицательность X3 не нарушено. 
Ограничение на неотрицательность X4 не нарушено. 
Ограничение на неотрицательгость X5 нарушено на 0,000586530219067453 единиц. 
Штраф (сумма невязок): 0,000586530219067453