Итерация 1: 11,1439392   8,69629994   -0,23644239   2,37469153   9,72158488   14,07814426   7,14193068   12,81255719   9,05533   12,57691324   
Итерация 2: 11,1440111   8,6963495   -0,21495069   2,37472964   9,72167497   14,07822977   7,14197565   12,8126835   9,05542911   12,57697182   
Итерация 3: 11,14362502   8,69609332   -0,19704595   2,37453612   9,72120824   14,07778055   7,14173699   12,81202602   9,05491676   12,57667003   
Итерация 4: 11,14297837   8,69566315   -0,18189802   2,37421076   9,72042461   14,07702705   7,14133695   12,8109225   9,05405642   12,57616315   
Итерация 5: 11,14218867   8,69513741   -0,16891551   2,37381296   9,71946693   14,07610646   7,1408483   12,80957401   9,05300493   12,5755436   
Итерация 6: 11,14132521   8,69456235   -0,15765759   2,37337777   9,71841944   14,07509967   7,14031394   12,80809911   9,05185481   12,57486591   
Итерация 7: 11,14043295   8,69396797   -0,14781275   2,3729279   9,71733676   14,07405916   7,13976172   12,80657473   9,05066604   12,57416544   
Итерация 8: 11,1395416   8,69337411   -0,13913265   2,3724784   9,71625506   14,07301963   7,13921004   12,80505174   9,04947833   12,57346557   
Итерация 9: 11,13866422   8,6927895   -0,13140459   2,37203588   9,71519019   14,07199633   7,13866699   12,80355247   9,0483091   12,5727766   
Итерация 10: 11,1378116   8,69222134   -0,12449522   2,3716058   9,71415531   14,07100186   7,13813925   12,80209544   9,04717279   12,57210701   
Итерация 11: 11,13699177   8,691675   -0,11828337   2,37119221   9,71316016   14,07004561   7,1376318   12,80069436   9,04608011   12,57146313   
Итерация 12: 11,13620367   8,69114977   -0,11265016   2,37079461   9,71220348   14,06912633   7,13714397   12,79934745   9,04502966   12,57084414   
Итерация 13: 11,13545221   8,69064896   -0,10754152   2,37041547   9,71129126   14,06824978   7,13667883   12,79806314   9,04402802   12,5702539   
Итерация 14: 11,13473339   8,69016987   -0,10286407   2,37005279   9,71041863   14,06741129   7,13623388   12,79683457   9,04306985   12,56968928   
Итерация 15: 11,13405062   8,6897148   -0,09858889   2,36970827   9,70958974   14,06661483   7,13581125   12,79566758   9,04215971   12,56915296   
Итерация 16: 11,1333985   8,68928015   -0,09464287   2,36937921   9,70879804   14,06585412   7,13540758   12,79455296   9,0412904   12,5686407   
Итерация 17: 11,13278004   8,68886792   -0,09101295   2,36906713   9,70804719   14,06513266   7,13502475   12,79349586   9,04046595   12,56815487   
Итерация 18: 11,13218908   8,68847403   -0,08763875   2,36876892   9,70732973   14,06444329   7,13465894   12,79248576   9,03967816   12,56769064   
Итерация 19: 11,13162693   8,68809932   -0,08451194   2,36848523   9,70664722   14,0637875   7,13431095   12,79152487   9,03892874   12,56724903   
Итерация 20: 11,13109343   8,68774371   -0,08160682   2,36821601   9,7059995   14,06316514   7,13398071   12,79061297   9,03821752   12,56682992   
Итерация 21: 11,13058271   8,68740327   -0,0788828   2,36795827   9,70537941   14,06256935   7,13366456   12,78973997   9,03753665   12,5664287   
Итерация 22: 11,13009825   8,68708034   -0,07634713   2,36771377   9,70479121   14,06200419   7,13336467   12,78891186   9,03689079   12,56604811   
Итерация 23: 11,12963544   8,68677184   -0,07396334   2,36748021   9,7042293   14,06146428   7,13307818   12,78812076   9,03627379   12,56568452   
Итерация 24: 11,1291917   8,68647604   -0,07171765   2,36725626   9,70369051   14,06094661   7,13280349   12,78736223   9,03568219   12,56533591   
Итерация 25: 11,12877036   8,68619518   -0,0696168   2,36704361   9,70317894   14,06045507   7,13254267   12,786642   9,03512046   12,56500489   
Итерация 26: 11,12836483   8,68592485   -0,06762279   2,36683895   9,70268655   14,05998198   7,13229163   12,78594879   9,03457981   12,56468629   
Итерация 27: 11,12797758   8,68566671   -0,06574607   2,3666435   9,70221636   14,05953021   7,13205191   12,78528683   9,03406352   12,56438205   
Итерация 28: 11,12760875   8,68542084   -0,06397717   2,36645736   9,70176853   14,05909993   7,1318236   12,78465635   9,03357179   12,56409229   
Итерация 29: 11,12725455   8,68518473   -0,06229494   2,36627859   9,70133846   14,05868672   7,13160434   12,78405087   9,03309956   12,56381401   
Итерация 30: 11,12691295   8,68495701   -0,06069241   2,36610618   9,70092369   14,0582882   7,13139288   12,78346694   9,03264413   12,56354563   
Итерация 31: 11,12658802   8,6847404   -0,05918304   2,36594218   9,70052916   14,05790913   7,13119173   12,78291149   9,03221091   12,56329035   
Итерация 32: 11,12627508   8,68453179   -0,05774061   2,36578424   9,70014918   14,05754405   7,13099801   12,78237654   9,03179369   12,56304448   
Итерация 33: 11,1259724   8,68433001   -0,05636028   2,36563147   9,69978166   14,05719093   7,13081064   12,78185912   9,03139013   12,56280668   
Итерация 34: 11,12568233   8,68413664   -0,05505074   2,36548506   9,69942945   14,05685253   7,13063108   12,78136326   9,03100339   12,56257878   
Итерация 35: 11,12540517   8,68395188   -0,0538071   2,36534517   9,69909291   14,05652918   7,1304595   12,78088947   9,03063386   12,56236102   
Итерация 36: 11,12513734   8,68377333   -0,05261222   2,36520999   9,6987677   14,05621672   7,13029371   12,78043162   9,03027677   12,56215059   
Итерация 37: 11,12487734   8,6836   -0,05146272   2,36507876   9,69845199   14,05591339   7,13013275   12,77998715   9,02993011   12,56194631   
Итерация 38: 11,12462772   8,6834336   -0,05036862   2,36495277   9,69814889   14,05562217   7,12997823   12,77956043   9,0295973   12,56175019   
Итерация 39: 11,1243889   8,68327439   -0,04932664   2,36483223   9,69785891   14,05534356   7,12983039   12,77915218   9,02927889   12,56156255   
Итерация 40: 11,12415733   8,68312001   -0,04832058   2,36471534   9,69757772   14,05507339   7,12968704   12,77875631   9,02897013   12,56138061   
Итерация 41: 11,12393173   8,68296962   -0,0473482   2,36460147   9,69730379   14,0548102   7,12954738   12,77837065   9,02866934   12,56120336   
Итерация 42: 11,12371485   8,68282504   -0,0464205   2,36449201   9,69704044   14,05455718   7,12941313   12,7779999   9,02838018   12,56103296   
Итерация 43: 11,12350521   8,68268528   -0,04552851   2,36438619   9,69678589   14,05431261   7,12928335   12,77764153   9,02810067   12,56086825   
Итерация 44: 11,12330435   8,68255138   -0,04467652   2,36428481   9,696542   14,05407827   7,12915901   12,77729816   9,02783286   12,56071043   
Итерация 45: 11,12310883   8,68242103   -0,04384962   2,36418612   9,69630457   14,05385016   7,12903797   12,77696391   9,02757217   12,56055681   
Итерация 46: 11,12291757   8,68229353   -0,04304629   2,36408958   9,69607233   14,05362703   7,12891957   12,77663695   9,02731716   12,56040654   
Итерация 47: 11,12273348   8,6821708   -0,0422782   2,36399666   9,6958488   14,05341226   7,12880562   12,77632225   9,02707171   12,5602619   
Итерация 48: 11,12255506   8,68205186   -0,04153695   2,36390661   9,69563215   14,05320411   7,12869517   12,77601725   9,02683382   12,56012171   
Итерация 49: 11,122384   8,68193782   -0,04082773   2,36382026   9,69542444   14,05300454   7,12858927   12,77572482   9,02660574   12,55998731   
Итерация 50: 11,12221687   8,6818264   -0,0401361   2,3637359   9,69522149   14,05280955   7,12848581   12,7754391   9,0263829   12,55985599   
Итерация 51: 11,1220527   8,68171695   -0,03946096   2,36365304   9,69502215   14,05261802   7,12838418   12,77515846   9,02616402   12,55972701   
Итерация 52: 11,12189459   8,68161154   -0,03881455   2,36357323   9,69483015   14,05243356   7,1282863   12,77488815   9,02595319   12,55960277   
Итерация 53: 11,12174298   8,68151047   -0,03819552   2,3634967   9,69464606   14,05225668   7,12819245   12,77462898   9,02575105   12,55948365   
Итерация 54: 11,12159441   8,68141143   -0,0375896   2,36342171   9,69446565   14,05208335   7,12810048   12,774375   9,02555296   12,55936692   
Итерация 55: 11,12144998   8,68131514   -0,03700256   2,36334881   9,69429028   14,05191485   7,12801107   12,7741281   9,02536039   12,55925344   
Итерация 56: 11,12130954   8,68122151   -0,03643358   2,36327792   9,69411974   14,051751   7,12792413   12,773888   9,02517313   12,55914309   
Итерация 57: 11,12117095   8,68112912   -0,03587528   2,36320796   9,69395145   14,05158932   7,12783834   12,77365109   9,02498835   12,5590342   
Итерация 58: 11,12103742   8,6810401   -0,03534024   2,36314056   9,69378931   14,05143353   7,12775567   12,77342281   9,0248103   12,55892928   
Итерация 59: 11,12090939   8,68095475   -0,03482745   2,36307594   9,69363384   14,05128416   7,12767642   12,77320394   9,0246396   12,55882869   
Итерация 60: 11,12078342   8,68087076   -0,03432303   2,36301235   9,69348087   14,05113719   7,12759843   12,77298858   9,02447163   12,55872971   
Итерация 61: 11,12066067   8,68078893   -0,0338329   2,36295039   9,69333183   14,05099399   7,12752245   12,77277874   9,02430797   12,55863327   
Итерация 62: 11,12054105   8,68070918   -0,03335657   2,36289001   9,69318657   14,05085443   7,1274484   12,77257425   9,02414848   12,55853928   
Итерация 63: 11,12042249   8,68063015   -0,03288693   2,36283017   9,69304261   14,05071611   7,12737501   12,77237157   9,0239904   12,55844612   
Итерация 64: 11,12030826   8,68055399   -0,03243675   2,36277251   9,6929039   14,05058284   7,12730429   12,77217629   9,02383809   12,55835637   
Итерация 65: 11,12019686   8,68047972   -0,03199873   2,36271627   9,69276862   14,05045287   7,12723533   12,77198584   9,02368955   12,55826884   
Итерация 66: 11,12009008   8,68040853   -0,03157875   2,36266237   9,69263895   14,05032829   7,12716922   12,77180329   9,02354717   12,55818494   
Итерация 67: 11,11998454   8,68033817   -0,03116351   2,3626091   9,6925108   14,05020516   7,12710389   12,77162287   9,02340646   12,55810202   
Итерация 68: 11,11988149   8,68026947   -0,03075894   2,36255708   9,69238566   14,05008493   7,12704009   12,77144669   9,02326904   12,55802104   
Итерация 69: 11,11978086   8,68020238   -0,03036478   2,36250629   9,69226347   14,04996753   7,1269778   12,77127467   9,02313488   12,55794198   
Итерация 70: 11,11968061   8,68013555   -0,02997403   2,36245568   9,69214174   14,04985057   7,12691574   12,77110329   9,02300121   12,55786321   
Итерация 71: 11,11958409   8,6800712   -0,02959965   2,36240697   9,69202454   14,04973797   7,12685599   12,77093829   9,02287252   12,55778737   
Итерация 72: 11,11948975   8,68000831   -0,02923442   2,36235934   9,69190998   14,0496279   7,12679759   12,77077701   9,02274672   12,55771324   
Итерация 73: 11,11939948   8,67994813   -0,02888461   2,36231378   9,69180036   14,04952259   7,12674171   12,77062269   9,02262636   12,55764232   
Итерация 74: 11,11930982   8,67988835   -0,02853677   2,36226852   9,69169148   14,04941797   7,1266862   12,7704694   9,0225068   12,55757186   
Итерация 75: 11,11922211   8,67982987   -0,02819717   2,36222424   9,69158497   14,04931564   7,1266319   12,77031945   9,02238985   12,55750295   
Итерация 76: 11,11913629   8,67977266   -0,02786553   2,36218092   9,69148076   14,04921553   7,12657878   12,77017275   9,02227543   12,55743552   
Итерация 77: 11,11905036   8,67971538   -0,02753506   2,36213755   9,69137642   14,04911528   7,12652559   12,77002585   9,02216086   12,557368   
Итерация 78: 11,11896775   8,6796603   -0,02721882   2,36209585   9,6912761   14,04901889   7,12647444   12,76988462   9,02205071   12,55730309   
Итерация 79: 11,11888685   8,67960637   -0,02690965   2,36205501   9,69117787   14,04892451   7,12642437   12,76974632   9,02194284   12,55723953   
Итерация 80: 11,11880766   8,67955357   -0,02660746   2,36201504   9,6910817   14,04883211   7,12637534   12,76961093   9,02183724   12,5571773   
Итерация 81: 11,11873202   8,67950314   -0,02631843   2,36197686   9,69098985   14,04874387   7,12632852   12,76948162   9,02173639   12,55711787   
Итерация 82: 11,1186565   8,67945279   -0,02602937   2,36193873   9,69089814   14,04865576   7,12628176   12,76935251   9,02163569   12,55705853   
Итерация 83: 11,11858249   8,67940345   -0,02574655   2,36190138   9,69080828   14,04856942   7,12623595   12,76922599   9,02153701   12,55700038   
Итерация 84: 11,11850995   8,67935509   -0,02546977   2,36186476   9,6907202   14,04848479   7,12619105   12,76910199   9,0214403   12,55694338   
Итерация 85: 11,1184369   8,67930639   -0,02519234   2,36182789   9,69063149   14,04839956   7,12614582   12,7689771   9,02134289   12,55688598   
Итерация 86: 11,11836679   8,67925965   -0,02492734   2,3617925   9,69054635   14,04831777   7,12610242   12,76885725   9,02124941   12,5568309   
Итерация 87: 11,11829805   8,67921382   -0,02466785   2,3617578   9,69046288   14,04823757   7,12605987   12,76873973   9,02115775   12,55677689   
Итерация 88: 11,11823259   8,67917018   -0,02442024   2,36172476   9,69038339   14,0481612   7,12601934   12,76862782   9,02107047   12,55672545   
Итерация 89: 11,11816493   8,67912507   -0,02416461   2,3616906   9,69030122   14,04808225   7,12597745   12,76851214   9,02098024   12,55667228   
Итерация 90: 11,11810196   8,67908309   -0,02392705   2,36165881   9,69022475   14,04800878   7,12593847   12,76840449   9,02089628   12,5566228   
Итерация 91: 11,11803871   8,67904092   -0,02368792   2,36162688   9,69014795   14,04793499   7,12589932   12,76829636   9,02081195   12,55657311   
Итерация 92: 11,1179766   8,67899952   -0,02345342   2,36159554   9,69007254   14,04786254   7,12586087   12,76819019   9,02072914   12,55652431   
Итерация 93: 11,11791566   8,67895889   -0,0232236   2,36156477   9,68999853   14,04779144   7,12582315   12,76808601   9,02064788   12,55647643   
Итерация 94: 11,11785385   8,67891768   -0,02299159   2,36153357   9,68992347   14,04771932   7,12578488   12,76798033   9,02056546   12,55642785   
Итерация 95: 11,11779473   8,67887826   -0,02277074   2,36150373   9,68985168   14,04765035   7,12574828   12,76787926   9,02048663   12,5563814   
Итерация 96: 11,11773665   8,67883954   -0,02255399   2,36147441   9,68978115   14,04758258   7,12571233   12,76777997   9,02040919   12,55633576   
Итерация 97: 11,11768156   8,67880281   -0,02234788   2,3614466   9,68971425   14,04751831   7,12567822   12,76768579   9,02033573   12,55629248   
Итерация 98: 11,11762393   8,67876439   -0,02213254   2,36141751   9,68964428   14,04745108   7,12564255   12,76758727   9,0202589   12,5562472   
Итерация 99: 11,11757078   8,67872896   -0,02193411   2,36139068   9,68957973   14,04738906   7,12560964   12,7674964   9,02018802   12,55620543   
Итерация 100: 11,11751706   8,67869314   -0,02173305   2,36136356   9,6895145   14,04732639   7,12557639   12,76740456   9,02011639   12,55616322   
Итерация 101: 11,11746423   8,67865792   -0,02153551   2,36133689   9,68945034   14,04726475   7,12554368   12,76731424   9,02004595   12,55612171   
Итерация 102: 11,1174123   8,6786233   -0,02134156   2,36131068   9,68938729   14,04720417   7,12551154   12,76722547   9,01997671   12,55608091   
Итерация 103: 11,11736124   8,67858926   -0,02115104   2,36128491   9,68932528   14,0471446   7,12547993   12,76713818   9,01990863   12,55604079   
Итерация 104: 11,11730909   8,67855449   -0,0209574   2,36125858   9,68926196   14,04708375   7,12544764   12,76704902   9,01983909   12,55599981   
Итерация 105: 11,1172594   8,67852136   -0,02077376   2,3612335   9,68920161   14,04702578   7,12541688   12,76696407   9,01977283   12,55596077   
Итерация 106: 11,1172105   8,67848876   -0,0205932   2,36120881   9,68914223   14,04696873   7,12538661   12,76688047   9,01970763   12,55592234   
Итерация 107: 11,11716435   8,678458   -0,0204223   2,36118552   9,6890862   14,04691489   7,12535805   12,76680159   9,0196461   12,55588609   
Итерация 108: 11,11711541   8,67842537   -0,02024121   2,36116082   9,68902677   14,04685779   7,12532775   12,76671792   9,01958085   12,55584763   
Итерация 109: 11,11707078   8,67839561   -0,02007621   2,36113829   9,68897257   14,04680572   7,12530012   12,76664161   9,01952133   12,55581256   
Итерация 110: 11,11702533   8,67836531   -0,01990767   2,36111534   9,68891738   14,04675269   7,12527198   12,76656392   9,01946073   12,55577685   
Итерация 111: 11,11698056   8,67833547   -0,01974179   2,36109274   9,68886302   14,04670046   7,12524427   12,76648738   9,01940104   12,55574167   
Итерация 112: 11,1169365   8,67830609   -0,01957867   2,3610705   9,68880951   14,04664906   7,12521699   12,76641206   9,01934229   12,55570705   
Итерация 113: 11,11689312   8,67827717   -0,01941822   2,3610486   9,68875683   14,04659845   7,12519014   12,76633789   9,01928444   12,55567297   
Итерация 114: 11,11684843   8,67824738   -0,01925376   2,36102605   9,68870257   14,04654631   7,12516247   12,7662615   9,01922486   12,55563786   
Итерация 115: 11,1168061   8,67821916   -0,01909874   2,36100468   9,68865117   14,04649692   7,12513627   12,76618913   9,01916842   12,55560459   
Итерация 116: 11,11676437   8,67819133   -0,01894599   2,36098361   9,68860048   14,04644823   7,12511043   12,76611778   9,01911276   12,5555718   
Итерация 117: 11,11672524   8,67816524   -0,01880228   2,36096386   9,68855297   14,04640258   7,12508621   12,76605088   9,01906059   12,55554105   
Итерация 118: 11,11668309   8,67813714   -0,01864762   2,36094258   9,68850179   14,0463534   7,12506012   12,76597883   9,01900439   12,55550794   
Итерация 119: 11,11664516   8,67811185   -0,01850854   2,36092344   9,68845573   14,04630915   7,12503664   12,76591398   9,01895381   12,55547813   
Итерация 120: 11,11660622   8,67808589   -0,01836524   2,36090378   9,68840844   14,04626372   7,12501253   12,76584741   9,01890189   12,55544753   
Итерация 121: 11,11656781   8,67806029   -0,01822398   2,36088439   9,6883618   14,04621891   7,12498875   12,76578175   9,01885068   12,55541735   
Итерация 122: 11,11652996   8,67803505   -0,01808488   2,36086528   9,68831583   14,04617475   7,12496532   12,76571704   9,01880021   12,55538761   
Итерация 123: 11,11649265   8,67801017   -0,01794787   2,36084645   9,68827052   14,04613122   7,12494222   12,76565325   9,01875046   12,55535829   
Итерация 124: 11,11645589   8,67798567   -0,01781299   2,36082789   9,68822589   14,04608833   7,12491947   12,76559041   9,01870144   12,55532941   
Итерация 125: 11,11641963   8,6779615   -0,01768005   2,36080959   9,68818186   14,04604603   7,12489702   12,76552843   9,0186531   12,55530092   
Итерация 126: 11,11638193   8,67793636   -0,01754253   2,36079056   9,68813608   14,04600204   7,12487368   12,76546397   9,01860283   12,5552713   
Итерация 127: 11,11634644   8,6779127   -0,01741375   2,36077265   9,68809299   14,04596064   7,12485171   12,76540331   9,01855551   12,55524342   
Итерация 128: 11,11631142   8,67788935   -0,01728672   2,36075497   9,68805046   14,04591978   7,12483003   12,76534343   9,01850881   12,5552159   
Итерация 129: 11,11627884   8,67786763   -0,01716806   2,36073852   9,68801089   14,04588177   7,12480986   12,76528773   9,01846537   12,55519029   
Итерация 130: 11,11624308   8,67784379   -0,01703794   2,36072047   9,68796747   14,04584005   7,12478773   12,76522661   9,01841769   12,5551622   
Итерация 131: 11,11621143   8,67782269   -0,01692283   2,36070449   9,68792904   14,04580313   7,12476813   12,76517249   9,01837549   12,55513733   
Итерация 132: 11,11617861   8,67780081   -0,01680299   2,36068793   9,68788918   14,04576484   7,12474782   12,76511639   9,01833173   12,55511154   
Итерация 133: 11,11614621   8,6777792   -0,01668469   2,36067157   9,68784983   14,04572702   7,12472776   12,76506098   9,01828852   12,55508608   
Итерация 134: 11,11611422   8,67775788   -0,01656802   2,36065542   9,68781099   14,04568971   7,12470796   12,7650063   9,01824587   12,55506095   
Итерация 135: 11,11608266   8,67773684   -0,01645298   2,36063949   9,68777267   14,04565289   7,12468842   12,76495235   9,01820379   12,55503615   
Итерация 136: 11,11605152   8,67771608   -0,01633952   2,36062377   9,68773485   14,04561656   7,12466914   12,76489911   9,01816227   12,55501168   
Итерация 137: 11,11602079   8,67769559   -0,01622762   2,36060826   9,68769753   14,0455807   7,12465012   12,76484657   9,01812129   12,55498753   
Итерация 138: 11,11599046   8,67767537   -0,01611723   2,36059295   9,6876607   14,04554531   7,12463134   12,76479471   9,01808084   12,5549637   
Итерация 139: 11,11595855   8,67765409   -0,01600177   2,36057684   9,68762195   14,04550809   7,12461159   12,76474017   9,01803829   12,55493863   
Итерация 140: 11,11592878   8,67763425   -0,01589461   2,36056181   9,6875858   14,04547335   7,12459316   12,76468927   9,0179986   12,55491524   
Итерация 141: 11,11590132   8,67761594   -0,01579529   2,36054795   9,68755245   14,04544131   7,12457615   12,76464232   9,01796198   12,55489365   
Итерация 142: 11,11587052   8,6775954   -0,01568399   2,3605324   9,68751505   14,04540538   7,12455709   12,76458967   9,01792091   12,55486945   
Итерация 143: 11,11584379   8,67757759   -0,01558747   2,36051891   9,6874826   14,0453742   7,12454055   12,76454398   9,01788528   12,55484846   
Итерация 144: 11,11581377   8,67755757   -0,01547907   2,36050375   9,68744614   14,04533917   7,12452196   12,76449265   9,01784524   12,55482486   
Итерация 145: 11,11578771   8,67754019   -0,01538504   2,3604906   9,68741449   14,04530876   7,12450582   12,76444809   9,01781049   12,55480439   
Итерация 146: 11,11576038   8,67752198   -0,01528599   2,36047681   9,68738131   14,04527689   7,12448891   12,76440138   9,01777406   12,55478292   
Итерация 147: 11,11573334   8,67750395   -0,01518801   2,36046316   9,68734848   14,04524534   7,12447217   12,76435516   9,01773801   12,55476167   
Итерация 148: 11,11570664   8,67748614   -0,01509128   2,36044967   9,68731604   14,04521418   7,12445564   12,7643095   9,0177024   12,55474069   
Итерация 149: 11,11568026   8,67746856   -0,01499579   2,36043636   9,68728401   14,04518341   7,12443931   12,76426441   9,01766723   12,55471996   
Итерация 150: 11,11565419   8,67745118   -0,01490146   2,3604232   9,68725235   14,04515299   7,12442317   12,76421983   9,01763246   12,55469947   
Итерация 151: 11,11562843   8,67743401   -0,01480831   2,3604102   9,68722108   14,04512294   7,12440722   12,7641758   9,01759812   12,55467923   
Итерация 152: 11,11560299   8,67741704   -0,01471636   2,36039735   9,68719018   14,04509326   7,12439147   12,76413231   9,01756419   12,55465924   
Итерация 153: 11,11557785   8,67740028   -0,01462554   2,36038466   9,68715966   14,04506393   7,12437591   12,76408933   9,01753068   12,55463949   
Итерация 154: 11,11555105   8,67738242   -0,01452929   2,36037114   9,68712711   14,04503266   7,12435932   12,76404352   9,01749494   12,55461843   
Итерация 155: 11,11552829   8,67736724   -0,01444754   2,36035964   9,68709947   14,0450061   7,12434523   12,76400459   9,01746458   12,55460055   
Итерация 156: 11,11550202   8,67734973   -0,01435326   2,36034639   9,68706757   14,04497546   7,12432897   12,76395969   9,01742956   12,55457991   
Итерация 157: 11,11547977   8,67733489   -0,01427343   2,36033515   9,68704055   14,0449495   7,12431519   12,76392165   9,01739989   12,55456242   
Итерация 158: 11,11545412   8,67731779   -0,01418143   2,3603222   9,6870094   14,04491957   7,12429931   12,76387779   9,01736569   12,55454227   
Итерация 159: 11,11543239   8,6773033   -0,01410353   2,36031123   9,68698301   14,04489421   7,12428586   12,76384064   9,01733671   12,55452519   
Итерация 160: 11,11540732   8,67728659   -0,01401371   2,36029858   9,68695257   14,04486497   7,12427034   12,76379779   9,01730329   12,55450549   
Итерация 161: 11,11538607   8,67727242   -0,01393761   2,36028785   9,68692677   14,04484018   7,12425719   12,76376146   9,01727495   12,5544888   
Итерация 162: 11,11536349   8,67725737   -0,01385632   2,36027646   9,68689935   14,04481384   7,12424321   12,76372286   9,01724485   12,55447106   
Итерация 163: 11,11534112   8,67724246   -0,01377579   2,36026516   9,68687218   14,04478773   7,12422936   12,76368462   9,01721502   12,55445348   
Итерация 164: 11,11531899   8,6772277   -0,01369617   2,36025399   9,68684531   14,04476191   7,12421566   12,76364678   9,01718551   12,55443609   
Итерация 165: 11,1152971   8,67721311   -0,01361745   2,36024294   9,68681873   14,04473638   7,12420211   12,76360936   9,01715632   12,55441889   
Итерация 166: 11,11527546   8,67719868   -0,01353964   2,36023202   9,68679245   14,04471113   7,12418871   12,76357236   9,01712746   12,55440188   
Итерация 167: 11,11525406   8,67718441   -0,01346274   2,36022121   9,68676646   14,04468616   7,12417547   12,76353577   9,01709893   12,55438507   
Итерация 168: 11,11523288   8,67717029   -0,01338666   2,36021052   9,68674074   14,04466145   7,12416235   12,76349957   9,01707069   12,55436843   
Итерация 169: 11,11520996   8,67715501   -0,01330486   2,36019895   9,68671291   14,04463471   7,12414817   12,76346039   9,01704013   12,55435042   
Итерация 170: 11,11519105   8,6771424   -0,01323736   2,3601894   9,68668994   14,04461264   7,12413646   12,76342805   9,01701491   12,55433556   
Итерация 171: 11,11516855   8,6771274   -0,0131571   2,36017805   9,68666262   14,0445864   7,12412253   12,76338959   9,01698491   12,55431788   
Итерация 172: 11,11515005   8,67711507   -0,01309111   2,36016871   9,68664015   14,04456481   7,12411108   12,76335795   9,01696024   12,55430334   
Итерация 173: 11,11512803   8,67710039   -0,01301261   2,36015759   9,68661341   14,04453912   7,12409745   12,76332031   9,01693088   12,55428604   
Итерация 174: 11,11510991   8,6770883   -0,01294803   2,36014844   9,68659141   14,04451798   7,12408623   12,76328933   9,01690672   12,5542718   
Итерация 175: 11,11508836   8,67707394   -0,01287126   2,36013757   9,68656524   14,04449283   7,12407289   12,76325249   9,01687798   12,55425487   
Итерация 176: 11,11507061   8,6770621   -0,01280805   2,36012861   9,68654369   14,04447213   7,1240619   12,76322215   9,01685431   12,55424092   
Итерация 177: 11,11504949   8,67704802   -0,01273286   2,36011795   9,68651804   14,04444749   7,12404882   12,76318604   9,01682615   12,55422433   
Итерация 178: 11,11503017   8,67703514   -0,01266452   2,36010819   9,68649458   14,04442494   7,12403686   12,76315301   9,01680039   12,55420914   
Итерация 179: 11,11501113   8,67702245   -0,01259724   2,36009858   9,68647146   14,04440274   7,12402508   12,76312047   9,01677501   12,55419419   
Итерация 180: 11,11499228   8,67700988   -0,01253061   2,36008907   9,68644857   14,04438074   7,12401341   12,76308824   9,01674987   12,55417937   
Итерация 181: 11,11497362   8,67699744   -0,0124647   2,36007965   9,68642591   14,04435897   7,12400186   12,76305634   9,01672499   12,55416471   
Итерация 182: 11,11495515   8,67698513   -0,01239946   2,36007032   9,68640348   14,04433742   7,12399043   12,76302476   9,01670037   12,5541502   
Итерация 183: 11,11493688   8,67697294   -0,01233492   2,3600611   9,68638129   14,0443161   7,12397911   12,76299352   9,016676   12,55413584   
Итерация 184: 11,11491877   8,67696087   -0,01227102   2,36005196   9,68635931   14,04429498   7,1239679   12,76296257   9,01665186   12,55412161   
Итерация 185: 11,11490283   8,67695024   -0,01221439   2,36004391   9,68633994   14,04427638   7,12395803   12,76293531   9,01663059   12,55410908   
Итерация 186: 11,11488325   8,67693719   -0,01214491   2,36003403   9,68631617   14,04425354   7,12394592   12,76290184   9,01660449   12,5540937   
Итерация 187: 11,1148677   8,67692682   -0,01208971   2,36002618   9,68629728   14,04423539   7,12393628   12,76287525   9,01658375   12,55408148   
Итерация 188: 11,11484851   8,67691403   -0,01202166   2,36001649   9,68627398   14,044213   7,12392441   12,76284245   9,01655817   12,5540664   
Итерация 189: 11,11483327   8,67690387   -0,01196762   2,3600088   9,68625547   14,04419522   7,12391497   12,76281639   9,01653784   12,55405443   
Итерация 190: 11,11481444   8,67689132   -0,01190089   2,35999929   9,68623262   14,04417326   7,12390332   12,76278421   9,01651275   12,55403964   
Итерация 191: 11,1147995   8,67688135   -0,01184792   2,35999175   9,68621446   14,04415582   7,12389407   12,76275866   9,01649281   12,55402789   
Итерация 192: 11,11478104   8,67686905   -0,01178252   2,35998243   9,68619205   14,04413428   7,12388264   12,7627271   9,0164682   12,55401339   
Итерация 193: 11,11476441   8,67685796   -0,011724   2,35997403   9,68617185   14,04411488   7,12387234   12,76269866   9,01644602   12,55400032   
Итерация 194: 11,114748   8,67684702   -0,01166631   2,35996575   9,68615193   14,04409574   7,12386219   12,76267062   9,01642415   12,55398743   
Итерация 195: 11,11473174   8,67683618   -0,01160915   2,35995755   9,68613218   14,04407677   7,12385212   12,76264282   9,01640247   12,55397465   
Итерация 196: 11,11471563   8,67682544   -0,01155251   2,35994941   9,68611262   14,04405797   7,12384215   12,76261528   9,01638098   12,55396199   
Итерация 197: 11,11469968   8,67681481   -0,01149647   2,35994136   9,68609325   14,04403936   7,12383227   12,76258801   9,01635972   12,55394946   
Итерация 198: 11,11468389   8,67680427   -0,01144098   2,35993339   9,68607407   14,04402094   7,1238225   12,76256101   9,01633866   12,55393705   
Итерация 199: 11,11466823   8,67679384   -0,011386   2,35992549   9,68605506   14,04400267   7,1238128   12,76253424   9,01631778   12,55392475   
Итерация 200: 11,11465272   8,6767835   -0,01133154   2,35991766   9,68603623   14,04398458   7,1238032   12,76250773   9,01629711   12,55391256   
Итерация 201: 11,11463736   8,67677326   -0,0112776   2,3599099   9,68601757   14,04396665   7,12379369   12,76248146   9,01627662   12,55390049   
Итерация 202: 11,11462411   8,67676442   -0,01123077   2,35990321   9,68600148   14,04395119   7,12378549   12,76245881   9,01625895   12,55389008   
Итерация 203: 11,11460917   8,67675446   -0,01117762   2,35989567   9,68598334   14,04393376   7,12377624   12,76243327   9,01623903   12,55387834   
Итерация 204: 11,1145944   8,67674461   -0,01112511   2,35988821   9,6859654   14,04391653   7,1237671   12,76240802   9,01621933   12,55386673   
Итерация 205: 11,1145778   8,67673355   -0,01106652   2,35987983   9,68594524   14,04389716   7,12375682   12,76237964   9,0161972   12,55385369   
Итерация 206: 11,11456513   8,6767251   -0,0110218   2,35987344   9,68592986   14,04388238   7,12374898   12,76235798   9,0161803   12,55384373   
Итерация 207: 11,11454877   8,67671419   -0,0109641   2,35986518   9,68591   14,0438633   7,12373885   12,76233002   9,0161585   12,55383088   
Итерация 208: 11,11453632   8,67670589   -0,01092019   2,3598589   9,68589488   14,04384877   7,12373114   12,76230873   9,01614189   12,5538211   
Итерация 209: 11,11452026   8,67669518   -0,01086354   2,35985079   9,68587537   14,04383003   7,1237212   12,76228127   9,01612047   12,55380848   
Итерация 210: 11,11450803   8,67668703   -0,01082044   2,35984462   9,68586052   14,04381577   7,12371363   12,76226037   9,01610417   12,55379887   
Итерация 211: 11,11449225   8,67667651   -0,01076482   2,35983665   9,68584136   14,04379736   7,12370386   12,76223339   9,01608313   12,55378647   
Итерация 212: 11,1144783   8,67666721   -0,01071599   2,35982961   9,68582441   14,04378107   7,12369522   12,76220953   9,01606452   12,5537755   
Итерация 213: 11,11446451   8,67665801   -0,01066777   2,35982264   9,68580767   14,04376499   7,12368669   12,76218596   9,01604613   12,55376467   
Итерация 214: 11,11445083   8,67664889   -0,01061994   2,35981574   9,68579106   14,04374903   7,12367822   12,76216257   9,0160279   12,55375392   
Итерация 215: 11,11443727   8,67663986   -0,01057255   2,3598089   9,68577459   14,04373321   7,12366983   12,76213939   9,01600982   12,55374327   
Итерация 216: 11,11442384   8,6766309   -0,0105256   2,35980212   9,68575828   14,04371754   7,12366151   12,76211643   9,01599191   12,55373271   
Итерация 217: 11,11441051   8,67662202   -0,01047903   2,35979539   9,6857421   14,04370199   7,12365326   12,76209365   9,01597414   12,55372224   
Итерация 218: 11,11439731   8,67661322   -0,01043291   2,35978873   9,68572607   14,04368659   7,12364509   12,76207108   9,01595654   12,55371187   
Итерация 219: 11,11438422   8,67660449   -0,01038717   2,35978211   9,68571017   14,04367131   7,12363698   12,7620487   9,01593908   12,55370158   
Итерация 220: 11,11437321   8,67659715   -0,01034844   2,35977656   9,6856968   14,04365847   7,12363017   12,76202988   9,0159244   12,55369293   
Итерация 221: 11,11436048   8,67658866   -0,01030333   2,35977013   9,68568135   14,04364362   7,12362229   12,76200812   9,01590743   12,55368293   
Итерация 222: 11,11434789   8,67658027   -0,01025872   2,35976378   9,68566605   14,04362893   7,12361449   12,76198659   9,01589064   12,55367304   
Итерация 223: 11,1143354   8,67657194   -0,01021447   2,35975747   9,68565088   14,04361435   7,12360676   12,76196523   9,01587398   12,55366322   
Итерация 224: 11,11432303   8,67656369   -0,01017068   2,35975123   9,68563587   14,04359992   7,1235991   12,76194409   9,01585749   12,5536535   
Итерация 225: 11,11431075   8,6765555   -0,01012719   2,35974503   9,68562095   14,04358559   7,1235915   12,76192309   9,01584111   12,55364385   
Итерация 226: 11,11429857   8,67654738   -0,01008409   2,35973888   9,68560616   14,04357139   7,12358396   12,76190227   9,01582487   12,55363428   
Итерация 227: 11,11428452   8,67653801   -0,01003475   2,35973179   9,6855891   14,04355499   7,12357526   12,76187825   9,01580614   12,55362324   
Итерация 228: 11,11427435   8,67653123   -0,00999905   2,35972665   9,68557675   14,04354313   7,12356897   12,76186086   9,01579258   12,55361525   
Итерация 229: 11,11426051   8,67652201   -0,00995049   2,35971967   9,68555995   14,04352698   7,1235604   12,76183721   9,01577413   12,55360438   
Итерация 230: 11,11424854   8,67651403   -0,0099088   2,35971362   9,68554541   14,04351302   7,12355299   12,76181674   9,01575816   12,55359497   
Итерация 231: 11,11423669   8,67650613   -0,00986753   2,35970764   9,68553101   14,04349919   7,12354565   12,76179647   9,01574236   12,55358566   
Итерация 232: 11,11422494   8,67649829   -0,00982664   2,35970171   9,68551675   14,04348548   7,12353838   12,76177639   9,01572669   12,55357642   
Итерация 233: 11,11421327   8,67649051   -0,00978602   2,35969582   9,68550257   14,04347186   7,12353115   12,76175644   9,01571113   12,55356725   
Итерация 234: 11,1142017   8,6764828   -0,00974576   2,35968998   9,68548852   14,04345836   7,12352399   12,76173665   9,0156957   12,55355816   
Итерация 235: 11,11419022   8,67647515   -0,00970585   2,35968419   9,68547459   14,04344498   7,12351689   12,76171704   9,0156804   12,55354915   
Итерация 236: 11,11417884   8,67646756   -0,00966625   2,35967844   9,68546076   14,04343169   7,12350984   12,76169758   9,01566522   12,5535402   
Итерация 237: 11,11416755   8,67646003   -0,00962699   2,35967274   9,68544706   14,04341852   7,12350285   12,76167828   9,01565017   12,55353133   
Итерация 238: 11,11415634   8,67645256   -0,00958802   2,35966708   9,68543345   14,04340545   7,12349592   12,76165912   9,01563523   12,55352252   
Итерация 239: 11,11414523   8,67644515   -0,0095494   2,35966147   9,68541996   14,04339249   7,12348904   12,76164013   9,01562041   12,5535138   
Итерация 240: 11,1141342   8,6764378   -0,00951106   2,35965591   9,68540656   14,04337962   7,12348221   12,76162127   9,01560571   12,55350513   
Итерация 241: 11,11412521   8,6764318   -0,00947955   2,35965137   9,68539564   14,04336913   7,12347664   12,7616059   9,01559372   12,55349806   
Итерация 242: 11,11411452   8,67642467   -0,00944179   2,35964597   9,68538266   14,04335665   7,12347002   12,76158761   9,01557945   12,55348966   
Итерация 243: 11,1141039   8,67641759   -0,0094043   2,35964061   9,68536976   14,04334426   7,12346345   12,76156946   9,0155653   12,55348132   
Итерация 244: 11,11409337   8,67641057   -0,00936712   2,35963529   9,68535697   14,04333197   7,12345693   12,76155145   9,01555125   12,55347304   
Итерация 245: 11,11408291   8,6764036   -0,00933023   2,35963001   9,68534428   14,04331978   7,12345046   12,76153358   9,01553731   12,55346483   
Итерация 246: 11,11407255   8,67639669   -0,00929366   2,35962478   9,68533169   14,04330768   7,12344404   12,76151586   9,01552349   12,55345668   
Итерация 247: 11,11406225   8,67638983   -0,00925734   2,35961958   9,68531919   14,04329567   7,12343767   12,76149826   9,01550976   12,55344859   
Итерация 248: 11,11405204   8,67638302   -0,00922134   2,35961443   9,68530679   14,04328376   7,12343135   12,76148081   9,01549615   12,55344057   
Итерация 249: 11,11404189   8,67637626   -0,00918555   2,35960931   9,68529447   14,04327192   7,12342507   12,76146346   9,01548262   12,5534326   
Итерация 250: 11,11402986   8,67636823   -0,00914349   2,35960323   9,68527985   14,04325788   7,12341762   12,76144288   9,01546657   12,55342314   
Итерация 251: 11,11401972   8,67636148   -0,00910835   2,35959812   9,68526755   14,04324606   7,12341134   12,76142556   9,01545306   12,55341518   
Итерация 252: 11,11400966   8,67635477   -0,00907348   2,35959304   9,68525533   14,04323432   7,12340511   12,76140835   9,01543964   12,55340727   
Итерация 253: 11,11399967   8,6763481   -0,00903885   2,35958799   9,68524319   14,04322266   7,12339892   12,76139127   9,01542631   12,55339942   
Итерация 254: 11,11398976   8,6763415   -0,00900452   2,35958299   9,68523116   14,04321109   7,12339279   12,76137432   9,0154131   12,55339163   
Итерация 255: 11,11397992   8,67633493   -0,00897042   2,35957802   9,6852192   14,04319961   7,1233867   12,7613575   9,01539998   12,5533839   
Итерация 256: 11,11397015   8,67632842   -0,00893659   2,35957309   9,68520734   14,04318821   7,12338065   12,7613408   9,01538695   12,55337622   
Итерация 257: 11,11396045   8,67632196   -0,008903   2,35956819   9,68519556   14,0431769   7,12337465   12,76132422   9,01537402   12,5533686   
Итерация 258: 11,11395083   8,67631554   -0,0088697   2,35956334   9,68518389   14,04316568   7,12336869   12,76130778   9,0153612   12,55336104   
Итерация 259: 11,11394127   8,67630917   -0,00883659   2,35955851   9,68517227   14,04315452   7,12336277   12,76129143   9,01534844   12,55335353   
Итерация 260: 11,11393179   8,67630285   -0,00880378   2,35955373   9,68516076   14,04314346   7,1233569   12,76127522   9,0153358   12,55334608   
Итерация 261: 11,11392434   8,67629788   -0,00877777   2,35954997   9,68515172   14,04313477   7,12335229   12,76126249   9,01532587   12,55334023   
Итерация 262: 11,11391317   8,67629043   -0,00873877   2,35954433   9,68513815   14,04312174   7,12334538   12,76124339   9,01531098   12,55333145   
Итерация 263: 11,11390584   8,67628555   -0,0087132   2,35954063   9,68512925   14,04311319   7,12334084   12,76123086   9,01530121   12,55332569   
Итерация 264: 11,11389483   8,67627821   -0,00867477   2,35953507   9,68511588   14,04310034   7,12333402   12,76121203   9,01528652   12,55331704   
Итерация 265: 11,11388762   8,6762734   -0,00864961   2,35953143   9,68510712   14,04309193   7,12332956   12,7611997   9,01527691   12,55331137   
Итерация 266: 11,1138787   8,67626746   -0,00861823   2,35952693   9,6850963   14,04308153   7,12332404   12,76118447   9,01526502   12,55330437   
Итерация 267: 11,11386983   8,67626154   -0,00858699   2,35952245   9,68508552   14,04307117   7,12331855   12,76116929   9,01525318   12,55329739   
Итерация 268: 11,11386102   8,67625567   -0,00855601   2,359518   9,68507483   14,0430609   7,1233131   12,76115424   9,01524144   12,55329047   
Итерация 269: 11,11385228   8,67624984   -0,00852524   2,35951359   9,6850642   14,04305069   7,12330768   12,76113929   9,01522978   12,5532836   
Итерация 270: 11,11384358   8,67624404   -0,00849466   2,3595092   9,68505365   14,04304055   7,1233023   12,76112442   9,01521819   12,55327677   
Итерация 271: 11,11383495   8,67623829   -0,00846431   2,35950484   9,68504317   14,04303048   7,12329696   12,76110967   9,01520668   12,55326999   
Итерация 272: 11,11382639   8,67623258   -0,00843418   2,35950052   9,68503276   14,04302049   7,12329165   12,76109502   9,01519526   12,55326326   
Итерация 273: 11,11381788   8,6762269   -0,00840427   2,35949622   9,68502243   14,04301056   7,12328639   12,76108047   9,01518391   12,55325657   
Итерация 274: 11,11380941   8,67622126   -0,00837452   2,35949195   9,68501215   14,04300069   7,12328115   12,76106601   9,01517263   12,55324992   
Итерация 275: 11,11380103   8,67621567   -0,00834507   2,35948772   9,68500197   14,0429909   7,12327596   12,76105167   9,01516145   12,55324333   
Итерация 276: 11,11379269   8,67621011   -0,00831577   2,35948351   9,68499185   14,04298118   7,1232708   12,76103742   9,01515033   12,55323678   
Итерация 277: 11,11378442   8,6762046   -0,00828671   2,35947933   9,6849818   14,04297153   7,12326567   12,76102328   9,0151393   12,55323028   
Итерация 278: 11,11377423   8,6761978   -0,00825123   2,35947419   9,68496943   14,04295963   7,12325936   12,76100585   9,01512571   12,55322227   
Итерация 279: 11,11376598   8,6761923   -0,00822278   2,35947002   9,68495941   14,04295001   7,12325426   12,76099175   9,01511471   12,55321579   
Итерация 280: 11,11375772   8,6761868   -0,00819431   2,35946586   9,68494938   14,04294038   7,12324915   12,76097764   9,0151037   12,5532093   
Итерация 281: 11,11374954   8,67618134   -0,00816608   2,35946172   9,68493944   14,04293083   7,12324408   12,76096364   9,01509279   12,55320287   
Итерация 282: 11,1137414   8,67617592   -0,00813804   2,35945762   9,68492957   14,04292134   7,12323904   12,76094974   9,01508194   12,55319648   
Итерация 283: 11,1137353   8,67617185   -0,0081168   2,35945454   9,68492215   14,04291422   7,12323527   12,7609393   9,0150738   12,55319169   
Итерация 284: 11,11372539   8,67616524   -0,00808232   2,35944953   9,68491012   14,04290265   7,12322913   12,76092236   9,01506059   12,5531839   
Итерация 285: 11,11371942   8,67616126   -0,00806155   2,35944652   9,68490287   14,04289569   7,12322543   12,76091215   9,01505263   12,55317921   
Итерация 286: 11,11370965   8,67615474   -0,00802756   2,35944159   9,684891   14,04288429   7,12321938   12,76089544   9,0150396   12,55317153   
Итерация 287: 11,11370375   8,67615082   -0,00800707   2,35943861   9,68488385   14,04287741   7,12321574   12,76088537   9,01503174   12,5531669   
Итерация 288: 11,11369411   8,67614439   -0,00797354   2,35943374   9,68487214   14,04286616   7,12320977   12,76086889   9,01501888   12,55315932   
Итерация 289: 11,11368829   8,67614051   -0,00795331   2,35943081   9,68486507   14,04285937   7,12320617   12,76085894   9,01501112   12,55315475   
Итерация 290: 11,11367878   8,67613416   -0,00792023   2,359426   9,68485351   14,04284827   7,12320027   12,76084267   9,01499843   12,55314727   
Итерация 291: 11,11367304   8,67613034   -0,00790028   2,35942311   9,68484655   14,04284157   7,12319672   12,76083286   9,01499078   12,55314276   
Итерация 292: 11,11366364   8,67612407   -0,00786761   2,35941836   9,68483513   14,04283061   7,1231909   12,76081679   9,01497825   12,55313537   
Итерация 293: 11,11365798   8,6761203   -0,00784794   2,3594155   9,68482826   14,042824   7,1231874   12,76080711   9,0149707   12,55313093   
Итерация 294: 11,11365066   8,67611542   -0,00782227   2,35941181   9,68481937   14,04281547   7,12318287   12,7607946   9,01496094   12,55312518   
Итерация 295: 11,11364332   8,67611053   -0,00779652   2,35940811   9,68481046   14,04280691   7,12317833   12,76078206   9,01495116   12,55311941   
Итерация 296: 11,11363604   8,67610567   -0,00777096   2,35940443   9,68480161   14,04279841   7,12317382   12,7607696   9,01494144   12,55311369   
Итерация 297: 11,1136288   8,67610084   -0,00774557   2,35940077   9,68479282   14,04278996   7,12316934   12,76075723   9,01493179   12,553108   
Итерация 298: 11,1136216   8,67609605   -0,00772033   2,35939714   9,68478409   14,04278157   7,12316488   12,76074493   9,0149222   12,55310235   
Итерация 299: 11,11361446   8,67609128   -0,00769526   2,35939353   9,68477541   14,04277323   7,12316046   12,7607327   9,01491267   12,55309673   
Итерация 300: 11,11360735   8,67608654   -0,00767034   2,35938995   9,68476678   14,04276494   7,12315606   12,76072056   9,01490319   12,55309115   
Итерация 301: 11,1136003   8,67608184   -0,00764561   2,35938639   9,68475821   14,04275671   7,12315169   12,7607085   9,01489379   12,5530856   
Итерация 302: 11,11359328   8,67607716   -0,00762101   2,35938284   9,68474969   14,04274852   7,12314735   12,7606965   9,01488443   12,55308009   
Итерация 303: 11,11358631   8,67607251   -0,00759657   2,35937932   9,68474122   14,04274038   7,12314303   12,76068458   9,01487513   12,55307461   
Итерация 304: 11,11357938   8,67606789   -0,00757229   2,35937583   9,68473281   14,0427323   7,12313874   12,76067273   9,01486589   12,55306917   
Итерация 305: 11,11357249   8,6760633   -0,00754817   2,35937235   9,68472445   14,04272427   7,12313448   12,76066096   9,01485671   12,55306375   
Итерация 306: 11,11356565   8,67605874   -0,00752421   2,3593689   9,68471614   14,04271629   7,12313024   12,76064927   9,01484759   12,55305838   
Итерация 307: 11,11355688   8,67605289   -0,00749379   2,35936447   9,68470549   14,04270605   7,12312481   12,76063427   9,01483589   12,55305149   
Итерация 308: 11,11355202   8,67604965   -0,00747695   2,35936202   9,68469959   14,04270038   7,12312181   12,76062597   9,01482942   12,55304767   
Итерация 309: 11,11354328   8,67604383   -0,00744663   2,3593576   9,68468897   14,04269018   7,12311639   12,76061102   9,01481776   12,5530408   
Итерация 310: 11,1135385   8,67604064   -0,00743005   2,35935519   9,68468316   14,0426846   7,12311343   12,76060284   9,01481138   12,55303704   
Итерация 311: 11,11352986   8,67603488   -0,00740012   2,35935083   9,68467268   14,04267453   7,12310809   12,76058808   9,01479987   12,55303026   
Итерация 312: 11,11352514   8,67603173   -0,00738376   2,35934845   9,68466695   14,04266902   7,12310517   12,76058001   9,01479357   12,55302655   
Итерация 313: 11,11351661   8,67602604   -0,00735419   2,35934414   9,68465658   14,04265907   7,12309988   12,76056542   9,0147822   12,55301984   
Итерация 314: 11,11351194   8,67602293   -0,00733801   2,35934178   9,68465092   14,04265362   7,12309699   12,76055744   9,01477597   12,55301618   
Итерация 315: 11,11350352   8,67601732   -0,00730883   2,35933753   9,68464069   14,04264379   7,12309178   12,76054304   9,01476474   12,55300956   
Итерация 316: 11,11349891   8,67601424   -0,00729286   2,3593352   9,68463509   14,04263842   7,12308893   12,76053516   9,01475859   12,55300594   
Итерация 317: 11,11349058   8,67600869   -0,00726401   2,359331   9,68462498   14,0426287   7,12308377   12,76052093   9,01474749   12,55299939   
Итерация 318: 11,11348603   8,67600566   -0,00724824   2,3593287   9,68461945   14,04262339   7,12308095   12,76051314   9,01474142   12,55299581   
Итерация 319: 11,1134778   8,67600017   -0,00721974   2,35932455   9,68460946   14,04261379   7,12307586   12,76049908   9,01473045   12,55298935   
Итерация 320: 11,11347133   8,67599586   -0,00719758   2,35932128   9,6846016   14,04260624   7,12307185   12,76048802   9,01472182   12,55298427   
Итерация 321: 11,11346498   8,67599162   -0,00717582   2,35931808   9,68459389   14,04259883   7,12306792   12,76047716   9,01471335   12,55297928   
Итерация 322: 11,11345866   8,67598741   -0,00715417   2,35931489   9,68458621   14,04259146   7,12306401   12,76046635   9,01470493   12,55297431   
Итерация 323: 11,11345238   8,67598322   -0,00713264   2,35931171   9,68457858   14,04258413   7,12306012   12,76045561   9,01469655   12,55296937   
Итерация 324: 11,11344612   8,67597905   -0,00711123   2,35930856   9,68457099   14,04257683   7,12305625   12,76044492   9,01468821   12,55296446   
Итерация 325: 11,1134399   8,6759749   -0,00708992   2,35930542   9,68456344   14,04256957   7,1230524   12,76043429   9,01467992   12,55295957   
Итерация 326: 11,11343374   8,67597079   -0,0070688   2,3593023   9,68455595   14,04256238   7,12304858   12,76042374   9,01467169   12,55295472   
Итерация 327: 11,11342759   8,6759667   -0,00704777   2,3592992   9,68454849   14,04255521   7,12304478   12,76041324   9,0146635   12,5529499   
Итерация 328: 11,11342149   8,67596263   -0,00702686   2,35929612   9,68454107   14,04254809   7,123041   12,7604028   9,01465536   12,5529451   
Итерация 329: 11,11341543   8,67595858   -0,00700611   2,35929306   9,68453371   14,04254102   7,12303724   12,76039244   9,01464728   12,55294034   
Итерация 330: 11,11340938   8,67595456   -0,00698542   2,35929001   9,68452637   14,04253397   7,1230335   12,76038211   9,01463922   12,55293559   
Итерация 331: 11,11340339   8,67595056   -0,0069649   2,35928698   9,68451909   14,04252697   7,12302979   12,76037186   9,01463123   12,55293088   
Итерация 332: 11,1133994   8,6759479   -0,00695109   2,35928497   9,68451425   14,04252232   7,12302732   12,76036504   9,01462591   12,55292774   
Итерация 333: 11,11339356   8,67594401   -0,00693066   2,35928202   9,68450716   14,0425155   7,12302371   12,76035506   9,01461812   12,55292316   
Итерация 334: 11,11338777   8,67594015   -0,00691043   2,3592791   9,68450013   14,04250875   7,12302013   12,76034516   9,0146104   12,55291861   
Итерация 335: 11,11338203   8,67593632   -0,00689035   2,3592762   9,68449316   14,04250206   7,12301657   12,76033535   9,01460275   12,5529141   
Итерация 336: 11,11337632   8,67593251   -0,00687038   2,35927332   9,68448622   14,04249539   7,12301304   12,76032558   9,01459513   12,55290961   
Итерация 337: 11,11337063   8,67592872   -0,00685049   2,35927045   9,68447932   14,04248875   7,12300951   12,76031586   9,01458755   12,55290514   
Итерация 338: 11,11336498   8,67592495   -0,00683073   2,35926759   9,68447245   14,04248216   7,12300601   12,76030619   9,01458001   12,5529007   
Итерация 339: 11,11335936   8,67592121   -0,00681111   2,35926476   9,68446563   14,04247561   7,12300254   12,76029659   9,01457252   12,55289628   
Итерация 340: 11,11335378   8,67591748   -0,00679159   2,35926194   9,68445885   14,04246909   7,12299908   12,76028704   9,01456507   12,55289189   
Итерация 341: 11,11334822   8,67591378   -0,00677217   2,35925914   9,6844521   14,04246261   7,12299564   12,76027754   9,01455766   12,55288753   
Итерация 342: 11,11334073   8,67590879   -0,00674631   2,35925536   9,68444301   14,04245387   7,122991   12,76026474   9,01454768   12,55288165   
Итерация 343: 11,11333511   8,67590504   -0,00672711   2,35925252   9,68443618   14,04244731   7,12298752   12,76025513   9,01454018   12,55287723   
Итерация 344: 11,11332954   8,67590132   -0,00670808   2,3592497   9,68442941   14,04244081   7,12298407   12,7602456   9,01453275   12,55287285   
Итерация 345: 11,11332399   8,67589763   -0,00668915   2,35924691   9,68442268   14,04243434   7,12298064   12,76023613   9,01452536   12,55286849   
Итерация 346: 11,11331847   8,67589395   -0,0066703   2,35924412   9,68441598   14,0424279   7,12297722   12,76022669   9,014518   12,55286415   
Итерация 347: 11,11331299   8,67589029   -0,00665159   2,35924135   9,68440932   14,04242151   7,12297383   12,76021732   9,01451069   12,55285985   
Итерация 348: 11,11330754   8,67588666   -0,00663297   2,3592386   9,6844027   14,04241514   7,12297046   12,760208   9,01450342   12,55285556   
Итерация 349: 11,11330212   8,67588304   -0,00661446   2,35923586   9,68439612   14,04240882   7,1229671   12,76019873   9,01449619   12,5528513   
Итерация 350: 11,11329672   8,67587944   -0,00659604   2,35923314   9,68438956   14,04240252   7,12296376   12,7601895   9,014489   12,55284706   
Итерация 351: 11,11329135   8,67587586   -0,00657769   2,35923043   9,68438304   14,04239625   7,12296043   12,76018031   9,01448183   12,55284284   
Итерация 352: 11,11328603   8,67587231   -0,00655953   2,35922774   9,68437657   14,04239004   7,12295714   12,76017122   9,01447473   12,55283866   
Итерация 353: 11,11328071   8,67586877   -0,00654138   2,35922506   9,68437012   14,04238384   7,12295385   12,76016213   9,01446764   12,55283448   
Итерация 354: 11,11327544   8,67586525   -0,00652339   2,3592224   9,68436372   14,04237769   7,12295058   12,76015312   9,01446062   12,55283034   
Итерация 355: 11,11327019   8,67586176   -0,00650548   2,35921975   9,68435735   14,04237157   7,12294734   12,76014415   9,01445362   12,55282622   
Итерация 356: 11,11326497   8,67585827   -0,00648766   2,35921711   9,684351   14,04236548   7,1229441   12,76013522   9,01444666   12,55282211   
Итерация 357: 11,11325978   8,67585482   -0,00646997   2,35921449   9,68434471   14,04235943   7,12294089   12,76012635   9,01443974   12,55281804   
Итерация 358: 11,11325461   8,67585137   -0,00645231   2,35921188   9,68433842   14,04235339   7,12293769   12,76011751   9,01443284   12,55281397   
Итерация 359: 11,11325145   8,67584926   -0,0064414   2,35921029   9,68433459   14,0423497   7,12293573   12,76011211   9,01442863   12,55281149   
Итерация 360: 11,11324447   8,67584461   -0,00641732   2,35920676   9,68432611   14,04234156   7,12293141   12,76010018   9,01441932   12,55280601   
Итерация 361: 11,11324136   8,67584253   -0,00640656   2,35920519   9,68432233   14,04233793   7,12292948   12,76009485   9,01441517   12,55280356   
Итерация 362: 11,11323445   8,67583793   -0,00638273   2,3592017   9,68431394   14,04232987   7,12292521   12,76008305   9,01440596   12,55279813   
Итерация 363: 11,11323137   8,67583587   -0,00637209   2,35920015   9,6843102   14,04232627   7,1229233   12,76007777   9,01440185   12,55279571   
Итерация 364: 11,11322649   8,67583262   -0,00635507   2,35919769   9,68430428   14,04232059   7,12292028   12,76006944   9,01439535   12,55279188   
Итерация 365: 11,11322163   8,67582938   -0,00633808   2,35919523   9,68429837   14,04231491   7,12291727   12,76006112   9,01438886   12,55278806   
Итерация 366: 11,1132168   8,67582616   -0,00632121   2,35919279   9,6842925   14,04230927   7,12291428   12,76005286   9,01438242   12,55278426   
Итерация 367: 11,11321198   8,67582295   -0,0063044   2,35919036   9,68428666   14,04230366   7,1229113   12,76004463   9,014376   12,55278048   
Итерация 368: 11,11320718   8,67581975   -0,00628764   2,35918794   9,68428083   14,04229806   7,12290833   12,76003643   9,0143696   12,55277671   
Итерация 369: 11,11320242   8,67581657   -0,00627102   2,35918553   9,68427505   14,0422925   7,12290538   12,76002828   9,01436325   12,55277296   
Итерация 370: 11,11319767   8,67581341   -0,00625445   2,35918314   9,68426928   14,04228696   7,12290244   12,76002017   9,01435692   12,55276923   
Итерация 371: 11,11319295   8,67581026   -0,00623796   2,35918075   9,68426355   14,04228145   7,12289952   12,76001209   9,01435062   12,55276552   
Итерация 372: 11,11318826   8,67580713   -0,0062216   2,35917839   9,68425785   14,04227598   7,12289662   12,76000408   9,01434437   12,55276184   
Итерация 373: 11,11318359   8,67580402   -0,00620532   2,35917603   9,68425218   14,04227053   7,12289373   12,7599961   9,01433815   12,55275817   
Итерация 374: 11,11317895   8,67580092   -0,00618911   2,35917368   9,68424654   14,04226511   7,12289085   12,75998815   9,01433195   12,55275452   
Итерация 375: 11,11317433   8,67579784   -0,00617299   2,35917135   9,68424093   14,04225972   7,12288799   12,75998025   9,01432579   12,55275089   
Итерация 376: 11,11316972   8,67579477   -0,00615693   2,35916903   9,68423534   14,04225435   7,12288514   12,75997238   9,01431965   12,55274727   
Итерация 377: 11,11316515   8,67579172   -0,00614098   2,35916672   9,68422979   14,04224902   7,12288231   12,75996456   9,01431355   12,55274368   
Итерация 378: 11,11316059   8,67578868   -0,00612509   2,35916442   9,68422425   14,0422437   7,12287949   12,75995677   9,01430748   12,5527401   
Итерация 379: 11,11315607   8,67578567   -0,00610931   2,35916213   9,68421876   14,04223842   7,12287669   12,75994904   9,01430144   12,55273654   
Итерация 380: 11,11315157   8,67578267   -0,00609363   2,35915986   9,68421329   14,04223317   7,1228739   12,75994134   9,01429544   12,552733   
Итерация 381: 11,11314511   8,67577836   -0,00607139   2,3591566   9,68420545   14,04222564   7,1228699   12,7599303   9,01428683   12,55272793   
Итерация 382: 11,11314062   8,67577537   -0,00605613   2,35915434   9,6842   14,0422204   7,12286713   12,75992263   9,01428085   12,55272441   
Итерация 383: 11,11313607   8,67577233   -0,00604064   2,35915204   9,68419447   14,04221509   7,12286431   12,75991485   9,01427478   12,55272083   
Итерация 384: 11,11313156   8,67576933   -0,00602528   2,35914976   9,68418899   14,04220982   7,12286151   12,75990713   9,01426876   12,55271728   
Итерация 385: 11,11312706   8,67576633   -0,00600998   2,35914749   9,68418353   14,04220458   7,12285873   12,75989945   9,01426276   12,55271375   
Итерация 386: 11,11312456   8,67576466   -0,00600137   2,35914623   9,68418049   14,04220166   7,12285718   12,75989517   9,01425943   12,55271178   
Итерация 387: 11,11311818   8,67576041   -0,0059794   2,35914301   9,68417275   14,04219422   7,12285323   12,75988426   9,01425092   12,55270677   
Итерация 388: 11,11311576   8,6757588   -0,00597108   2,35914179   9,68416981   14,04219139   7,12285173   12,75988013   9,0142477   12,55270487   
Итерация 389: 11,11310946   8,67575459   -0,00594938   2,3591386   9,68416215   14,04218404   7,12284783   12,75986935   9,01423929   12,55269992   
Итерация 390: 11,11310706   8,67575299   -0,00594113   2,35913739   9,68415924   14,04218124   7,12284635   12,75986525   9,01423609   12,55269803   
Итерация 391: 11,11310082   8,67574883   -0,00591965   2,35913424   9,68415166   14,04217396   7,12284248   12,75985458   9,01422777   12,55269313   
Итерация 392: 11,11309845   8,67574725   -0,00591149   2,35913305   9,68414879   14,04217119   7,12284102   12,75985053   9,01422461   12,55269127   
Итерация 393: 11,11309226   8,67574313   -0,00589021   2,35912993   9,68414128   14,04216398   7,12283719   12,75983996   9,01421637   12,55268641   
Итерация 394: 11,11308992   8,67574157   -0,00588214   2,35912874   9,68413843   14,04216124   7,12283574   12,75983595   9,01421324   12,55268456   
Итерация 395: 11,1130838   8,67573749   -0,0058611   2,35912565   9,684131   14,04215411   7,12283195   12,75982549   9,01420508   12,55267976   
Итерация 396: 11,11308148   8,67573594   -0,00585308   2,35912448   9,68412818   14,04215139   7,12283051   12,75982151   9,01420198   12,55267793   
Итерация 397: 11,11307541   8,67573189   -0,00583221   2,35912142   9,68412081   14,04214431   7,12282675   12,75981114   9,01419389   12,55267316   
Итерация 398: 11,1130731   8,67573036   -0,00582429   2,35912025   9,68411801   14,04214163   7,12282533   12,7598072   9,01419082   12,55267135   
Итерация 399: 11,11306711   8,67572636   -0,00580367   2,35911723   9,68411073   14,04213463   7,12282162   12,75979695   9,01418282   12,55266664   
Итерация 400: 11,11306483   8,67572484   -0,00579582   2,35911608   9,68410796   14,04213197   7,1228202   12,75979305   9,01417978   12,55266485   
Итерация 401: 11,11305888   8,67572087   -0,00577536   2,35911307   9,68410074   14,04212503   7,12281652   12,75978289   9,01417185   12,55266017   
Итерация 402: 11,11305466   8,67571806   -0,00576105   2,35911094   9,68409562   14,04212011   7,12281391   12,75977567   9,01416623   12,55265686   
Итерация 403: 11,11305057   8,67571533   -0,00574716   2,35910888   9,68409065   14,04211534   7,12281138   12,75976868   9,01416077   12,55265364   
Итерация 404: 11,11304647   8,6757126   -0,00573324   2,35910681   9,68408566   14,04211055   7,12280884   12,75976166   9,0141553   12,55265042   
Итерация 405: 11,11304239   8,67570988   -0,0057194   2,35910475   9,68408071   14,04210579   7,12280631   12,7597547   9,01414987   12,55264722   
Итерация 406: 11,11303834   8,67570718   -0,00570566   2,35910271   9,6840758   14,04210107   7,12280381   12,75974777   9,01414447   12,55264404   
Итерация 407: 11,11303429   8,67570448   -0,00569192   2,35910066   9,68407088   14,04209634   7,1228013   12,75974085   9,01413906   12,55264085   
Итерация 408: 11,11303027   8,6757018   -0,00567828   2,35909863   9,684066   14,04209165   7,12279881   12,75973398   9,01413371   12,5526377   
Итерация 409: 11,11302627   8,67569913   -0,0056647   2,35909661   9,68406114   14,04208698   7,12279633   12,75972713   9,01412837   12,55263455   
Итерация 410: 11,11302229   8,67569648   -0,00565121   2,3590946   9,68405631   14,04208235   7,12279387   12,75972034   9,01412307   12,55263143   
Итерация 411: 11,11301833   8,67569384   -0,00563777   2,35909261   9,6840515   14,04207772   7,12279142   12,75971357   9,01411779   12,55262831   
Итерация 412: 11,11301438   8,67569121   -0,00562437   2,35909061   9,6840467   14,04207312   7,12278898   12,75970681   9,01411252   12,55262521   
Итерация 413: 11,11301046   8,67568859   -0,00561106   2,35908863   9,68404194   14,04206854   7,12278655   12,7597001   9,01410729   12,55262213   
Итерация 414: 11,11300853   8,6756873   -0,0056044   2,35908765   9,68403959   14,04206628   7,12278535   12,7596968   9,01410471   12,55262061   
Расстояние до идеальной точки: 1127,85996100575
Время работы программы: 0:12.87
Ограничение 1 не нарушено. 
Ограничение 2 не нарушено. 
Ограничение 3 не нарушено. 
Ограничение 4 не нарушено. 
Ограничение 5 не нарушено. 
Ограничение 6 не нарушено. 
Ограничение 7 не нарушено. 
Ограничение 8 не нарушено. 
Ограничение 9 не нарушено. 
Ограничение на неотрицательность X1 не нарушено. 
Ограничение на неотрицательность X2 не нарушено. 
Ограничение на неотрицательгость X3 нарушено на 0,00560440460505618 единиц. 
Ограничение на неотрицательность X4 не нарушено. 
Ограничение на неотрицательность X5 не нарушено. 
Ограничение на неотрицательность X6 не нарушено. 
Ограничение на неотрицательность X7 не нарушено. 
Ограничение на неотрицательность X8 не нарушено. 
Ограничение на неотрицательность X9 не нарушено. 
Ограничение на неотрицательность X10 не нарушено. 
Штраф (сумма невязок): 0,00560440460505618