Итерация 1: 1,71863238   518,54146838   3,0080161   -0,00227911   
Итерация 2: 1,71863173   518,54146881   3,00801292   -0,00227177   
Итерация 3: 1,71863172   518,54146886   3,0080128   -0,00227145   
Итерация 4: 1,71863172   518,54146866   3,00801314   -0,00227254   
Итерация 5: 1,71863168   518,54146832   3,00801356   -0,00227409   
Итерация 6: 1,71863161   518,54146794   3,00801396   -0,00227572   
Итерация 7: 1,71863153   518,54146754   3,00801432   -0,00227732   
Итерация 8: 1,71863143   518,54146714   3,00801463   -0,00227883   
Итерация 9: 1,71863133   518,54146675   3,00801489   -0,00228026   
Итерация 10: 1,71863122   518,54146636   3,00801513   -0,00228161   
Итерация 11: 1,71863111   518,54146599   3,00801534   -0,00228291   
Итерация 12: 1,718631   518,54146564   3,00801551   -0,00228408   
Итерация 13: 1,71863089   518,54146533   3,00801566   -0,00228512   
Итерация 14: 1,71863079   518,54146502   3,00801579   -0,00228613   
Итерация 15: 1,71863069   518,54146473   3,0080159   -0,00228705   
Итерация 16: 1,71863059   518,54146445   3,008016   -0,00228792   
Итерация 17: 1,7186305   518,54146419   3,00801608   -0,00228876   
Итерация 18: 1,71863039   518,5414639   3,00801617   -0,00228966   
Итерация 19: 1,71863031   518,54146367   3,00801624   -0,00229036   
Итерация 20: 1,71863022   518,54146344   3,0080163   -0,00229107   
Итерация 21: 1,71863015   518,54146325   3,00801635   -0,00229164   
Итерация 22: 1,71863006   518,54146303   3,0080164   -0,00229231   
Итерация 23: 1,71863   518,54146286   3,00801644   -0,00229282   
Итерация 24: 1,71862993   518,54146268   3,00801647   -0,00229334   
Итерация 25: 1,71862986   518,5414625   3,00801651   -0,00229388   
Итерация 26: 1,71862979   518,54146235   3,00801654   -0,00229433   
Итерация 27: 1,71862973   518,54146219   3,00801656   -0,0022948   
Итерация 28: 1,71862968   518,54146206   3,00801658   -0,00229517   
Итерация 29: 1,71862961   518,54146189   3,00801661   -0,00229566   
Итерация 30: 1,71862957   518,54146179   3,00801662   -0,00229594   
Итерация 31: 1,71862951   518,54146165   3,00801664   -0,00229634   
Итерация 32: 1,71862945   518,54146151   3,00801665   -0,00229676   
Итерация 33: 1,71862941   518,5414614   3,00801666   -0,00229706   
Итерация 34: 1,71862936   518,5414613   3,00801667   -0,00229736   
Итерация 35: 1,71862931   518,54146119   3,00801668   -0,00229768   
Итерация 36: 1,71862927   518,54146107   3,00801669   -0,002298   
Итерация 37: 1,71862924   518,541461   3,0080167   -0,00229819   
Итерация 38: 1,71862919   518,54146088   3,00801671   -0,00229853   
Итерация 39: 1,71862915   518,54146081   3,00801671   -0,00229873   
Итерация 40: 1,7186291   518,54146069   3,00801672   -0,00229908   
Итерация 41: 1,71862907   518,54146061   3,00801672   -0,00229929   
Итерация 42: 1,71862903   518,54146053   3,00801673   -0,00229951   
Итерация 43: 1,718629   518,54146045   3,00801673   -0,00229973   
Итерация 44: 1,71862896   518,54146037   3,00801673   -0,00229996   
Итерация 45: 1,71862893   518,54146029   3,00801674   -0,00230019   
Итерация 46: 1,71862891   518,54146026   3,00801674   -0,00230027   
Расстояние до идеальной точки: 5314,83483589593
Время работы программы: 0:00.56
Ограничение 1 нарушено на 0,000388983622542582 единиц. 
Ограничение 2 не нарушено. 
Ограничение 3 не нарушено. 
Ограничение 4 не нарушено. 
Ограничение на неотрицательность X1 не нарушено. 
Ограничение на неотрицательность X2 не нарушено. 
Ограничение на неотрицательность X3 не нарушено. 
Ограничение на неотрицательгость X4 нарушено на 0,00230026611440858 единиц. 
Штраф (сумма невязок): 0,00268924973695116