Итерация 1: 1,66183421   518,7859952   2,74516953   -0,16075484   
Итерация 2: 1,66182469   518,78597443   2,74516864   -0,16080979   
Итерация 3: 1,66181662   518,78595697   2,74516766   -0,16085583   
Итерация 4: 1,66180967   518,78594202   2,74516665   -0,16089512   
Итерация 5: 1,66180366   518,78592916   2,74516567   -0,16092882   
Итерация 6: 1,6617984   518,78591795   2,74516472   -0,16095813   
Итерация 7: 1,66179378   518,78590815   2,74516381   -0,16098371   
Итерация 8: 1,66178963   518,78589938   2,74516295   -0,16100655   
Итерация 9: 1,66178589   518,7858915   2,74516213   -0,16102703   
Итерация 10: 1,66178261   518,78588461   2,74516137   -0,16104492   
Итерация 11: 1,66177957   518,78587825   2,74516065   -0,16106141   
Итерация 12: 1,66177683   518,78587251   2,74515997   -0,16107627   
Итерация 13: 1,66177434   518,78586732   2,74515934   -0,16108969   
Итерация 14: 1,66177206   518,78586258   2,74515875   -0,16110193   
Итерация 15: 1,66176994   518,78585817   2,74515818   -0,1611133   
Итерация 16: 1,661768   518,78585414   2,74515765   -0,16112369   
Итерация 17: 1,66176617   518,78585034   2,74515714   -0,16113348   
Итерация 18: 1,66176445   518,78584679   2,74515666   -0,1611426   
Итерация 19: 1,66176288   518,78584354   2,74515621   -0,16115097   
Итерация 20: 1,66176146   518,7858406   2,7451558   -0,16115852   
Итерация 21: 1,66176009   518,78583779   2,74515539   -0,16116574   
Итерация 22: 1,66175879   518,78583511   2,74515501   -0,16117261   
Итерация 23: 1,66175768   518,78583283   2,74515467   -0,16117847   
Итерация 24: 1,66175654   518,78583047   2,74515432   -0,1611845   
Итерация 25: 1,66175548   518,7858283   2,745154   -0,16119006   
Итерация 26: 1,66175439   518,78582606   2,74515366   -0,16119579   
Итерация 27: 1,66175353   518,7858243   2,74515339   -0,16120029   
Итерация 28: 1,66175252   518,78582222   2,74515307   -0,16120562   
Итерация 29: 1,66175175   518,78582065   2,74515283   -0,16120964   
Итерация 30: 1,66175089   518,78581889   2,74515256   -0,16121414   
Итерация 31: 1,66175008   518,78581723   2,7451523   -0,16121837   
Итерация 32: 1,6617494   518,78581584   2,74515208   -0,16122191   
Итерация 33: 1,66174871   518,78581442   2,74515185   -0,16122554   
Итерация 34: 1,66174799   518,78581296   2,74515162   -0,16122925   
Итерация 35: 1,66174735   518,78581164   2,7451514   -0,16123263   
Итерация 36: 1,66174676   518,78581045   2,74515121   -0,16123566   
Итерация 37: 1,66174617   518,78580924   2,74515101   -0,16123875   
Итерация 38: 1,66174565   518,78580818   2,74515084   -0,16124145   
Итерация 39: 1,66174512   518,7858071   2,74515066   -0,16124421   
Итерация 40: 1,66174457   518,78580599   2,74515048   -0,16124703   
Итерация 41: 1,66174402   518,78580486   2,74515029   -0,16124991   
Итерация 42: 1,66174364   518,78580409   2,74515016   -0,16125187   
Итерация 43: 1,66174316   518,78580311   2,74515   -0,16125436   
Итерация 44: 1,66174277   518,78580231   2,74514987   -0,16125639   
Итерация 45: 1,66174227   518,78580129   2,74514969   -0,16125898   
Итерация 46: 1,66174186   518,78580047   2,74514955   -0,16126109   
Итерация 47: 1,66174145   518,78579962   2,74514941   -0,16126323   
Итерация 48: 1,66174102   518,78579876   2,74514927   -0,16126542   
Итерация 49: 1,66174059   518,78579789   2,74514912   -0,16126764   
Итерация 50: 1,66174037   518,78579744   2,74514904   -0,16126877   
Итерация 51: 1,66173993   518,78579654   2,74514889   -0,16127107   
Итерация 52: 1,6617397   518,78579608   2,74514881   -0,16127224   
Итерация 53: 1,66173924   518,78579514   2,74514865   -0,16127461   
Итерация 54: 1,66173901   518,78579467   2,74514856   -0,16127582   
Итерация 55: 1,66173877   518,78579419   2,74514848   -0,16127704   
Итерация 56: 1,66173853   518,7857937   2,74514839   -0,16127829   
Итерация 57: 1,66173804   518,7857927   2,74514822   -0,16128082   
Итерация 58: 1,66173791   518,78579245   2,74514818   -0,16128146   
Расстояние до идеальной точки: 5315,36271960072
Время работы программы: 0:00.04
Ограничение 1 нарушено на 0,0220479068739223 единиц. 
Ограничение 2 не нарушено. 
Ограничение 3 не нарушено. 
Ограничение 4 не нарушено. 
Ограничение на неотрицательность X1 не нарушено. 
Ограничение на неотрицательность X2 не нарушено. 
Ограничение на неотрицательность X3 не нарушено. 
Ограничение на неотрицательгость X4 нарушено на 0,161281457366243 единиц. 
Штраф (сумма невязок): 0,183329364240165