3 8 10
0 30,8 23 19,3 26,9 18,5 37,2 37,8 35,4 38,6 18,5
0 24,7 24,6 14,8 38,4 9,1 37,7 34,4 19,8 47,9 3,2
0 17,6 24,3 31,4 1,9 22,4 26,7 14,4 32,5 9 24,4
91,6 31,7 45,7 60,9 50,6 56,5 77,2 93,6 31,9 64,9 <= 470,3
55,2 63,6 53,6 9,1 89,4 44,9 32,5 27 54,6 67,7 <= 1137,2
24,5 55,6 16,5 60,7 47 13 83,1 34,8 9,2 83,7 <= 284,9
45,6 10,6 52,8 28,3 45,4 17,6 3,4 68,8 26,1 61,6 >= 430
98,2 75,3 7,8 31 51,3 71,6 95,1 53,8 14,4 99,8 <= 6592,4
20,8 1,7 10,3 50,3 24,4 36 15,2 85 13,9 37,6 <= 10619,4
73,5 42,4 84,5 48,2 19,3 44,6 10,8 25,3 63,6 71,8 <= 10580,6
41,4 63,7 0,9 93 69,5 49,2 47,9 85,6 9,4 75,4 <= 6699,5
