Итерация 1: 1,03775976   0,50249772   0,15625069   -9,91E-06   0,96490752   0,84832427   
Итерация 2: 1,03777732   0,50250047   0,15624776   -9,01E-06   0,96491928   0,84832984   
Итерация 3: 1,03779039   0,50250252   0,15624558   -8,25E-06   0,96492804   0,84833399   
Итерация 4: 1,03780034   0,50250408   0,15624392   -7,62E-06   0,9649347   0,84833715   
Итерация 5: 1,03780805   0,50250529   0,15624263   -7,07E-06   0,96493987   0,8483396   
Итерация 6: 1,03781412   0,50250624   0,15624162   -6,59E-06   0,96494393   0,84834153   
Итерация 7: 1,03781898   0,502507   0,15624081   -6,18E-06   0,96494719   0,84834307   
Итерация 8: 1,03782286   0,5025076   0,15624016   -5,81E-06   0,96494979   0,8483443   
Итерация 9: 1,03782599   0,50250809   0,15623963   -5,49E-06   0,96495189   0,8483453   
Итерация 10: 1,03782854   0,50250849   0,15623921   -5,2E-06   0,9649536   0,84834611   
Итерация 11: 1,03783064   0,50250882   0,15623886   -4,94E-06   0,964955   0,84834677   
Итерация 12: 1,03783235   0,50250909   0,15623857   -4,7E-06   0,96495615   0,84834732   
Итерация 13: 1,03783376   0,50250931   0,15623834   -4,49E-06   0,96495709   0,84834776   
Итерация 14: 1,03783491   0,50250949   0,15623815   -4,29E-06   0,96495786   0,84834813   
Итерация 15: 1,03783586   0,50250964   0,15623799   -4,11E-06   0,9649585   0,84834843   
Итерация 16: 1,03783664   0,50250976   0,15623786   -3,94E-06   0,96495902   0,84834868   
Итерация 17: 1,03783728   0,50250986   0,15623775   -3,79E-06   0,96495945   0,84834888   
Итерация 18: 1,0378378   0,50250994   0,15623766   -3,65E-06   0,9649598   0,84834905   
Итерация 19: 1,03783822   0,50251001   0,15623759   -3,52E-06   0,96496008   0,84834918   
Итерация 20: 1,03783856   0,50251006   0,15623754   -3,39E-06   0,9649603   0,84834929   
Итерация 21: 1,03783881   0,5025101   0,1562375   -3,28E-06   0,96496047   0,84834937   
Итерация 22: 1,03783901   0,50251013   0,15623746   -3,17E-06   0,9649606   0,84834943   
Итерация 23: 1,03783915   0,50251015   0,15623744   -3,07E-06   0,9649607   0,84834947   
Итерация 24: 1,03783925   0,50251017   0,15623742   -2,98E-06   0,96496077   0,84834951   
Итерация 25: 1,03783931   0,50251018   0,15623741   -2,89E-06   0,96496081   0,84834952   
Итерация 26: 1,03783933   0,50251018   0,15623741   -2,81E-06   0,96496082   0,84834953   
Расстояние до идеальной точки: 23,3843490397165
Время работы программы: 0:06.37
Ограничение 1 не нарушено. 
Ограничение 2 не нарушено. 
Ограничение 3 не нарушено. 
Ограничение 4 не нарушено. 
Ограничение 5 не нарушено. 
Ограничение на неотрицательность X1 не нарушено. 
Ограничение на неотрицательность X2 не нарушено. 
Ограничение на неотрицательность X3 не нарушено. 
Ограничение на неотрицательгость X4 нарушено на 2,80619127843281E-06 единиц. 
Ограничение на неотрицательность X5 не нарушено. 
Ограничение на неотрицательность X6 не нарушено. 
Штраф (сумма невязок): 2,80619127843281E-06