4 8 9
0 9,8 5 9,8 5,6 1 1,3 4,2 8,4 3
0 8,4 9 0,3 1,6 2,3 6,4 6,5 1,7 7,2
1 8,5 7,4 5,6 1,5 3,7 4,3 2,7 4,4 3,9
0 8,2 5,2 9,9 6,2 5,4 6,8 4,5 9,1 6,5
2 18,1 2,2 8,9 15,6 10,2 0,3 18,1 12,6 <= 988,8
10,9 9,6 10,8 4 4,4 12,7 8,5 3,4 0,1 <= 18
18,4 16,4 2,5 10,9 5,7 13,3 14,6 12,1 6,4 <= 956,8
6,2 4,3 7,1 6,8 14,2 6,3 19,8 10,9 5,4 <= 22,8
12,1 8 19,2 0,9 2,8 9,4 16,1 14,6 19,2 <= 986,5
17,1 12,3 6 7,1 3,9 7,4 13,6 10,7 1,9 <= 661,3
10,5 11,2 12,4 9 14,3 3,5 3,8 14,1 13,8 <= 173,5
5,5 4 15,4 4,5 4,2 13,5 7,3 16,4 15,4 <= 222,8
